15960.541
15186.135
15146.189
15299.973
14676.729
14678.378
14700.919
14575.919
14347.541
14163.162
13982.433
13805.243
13694.567
13319.838
12901.676
12347.757
11597.811
10667.784
9226.865
7321.622
4852.622
2643.568
1272.027
1465.838
2692.189
4478.352
6357.135
7805.486
9165.054
10228.811
11191.324
11818.081
12393.135
12689.459
13045
13198.378
13492.514
13684.676
13928.135
14009.865
14084.784
14056.622
14342.757
14228.622
14188.595
14325.784
14122.189
14147.595
14133.108
14032.838
14034.567
13943.676
13733.648
13505.919
13323.567
13083.892
12647.433
12118.324
11652
11457.838
11545.027
11948.676
12195.433
12791.243
13238.595
13730.108
14121.892
14354.378
14580.973
14813.352
14844.514
14924.865
14803.216
15131.297
15024.324
15126.054
15098
15220.433
15285.676
15275.216
15253.757
15375.946
15216.216
15332.378
15247.703
15226.784
15329.811
15335.946
15401.324
15293.162
15486.324
15510.514
15484.216
15363.027
15399.108
15487.054
15322.324
15438.486
15396.081
15466.135
15565.757
15498.973
15436.892
15341.135
15315.919
