19559.082
17342.703
17095.514
17088.756
16221.919
16014.946
15996.081
15722.352
15663.081
15765.729
15375.838
14967.729
14761.243
14483.486
13994.297
13416.135
12556.297
11538.162
10046.486
7936.271
5581.514
3031.703
1375.297
1205.216
2415.892
4622.189
6837.297
8784.135
10214.162
11497.865
12403.838
13019.108
13661.541
13996.243
14377.459
14656.892
14934.486
15096.216
15147.271
15159.757
15481.973
15441.973
15473.729
15506.243
15579.108
15636.135
15440.784
15571.595
15400.216
15368.892
15259.405
15016.162
14957.162
14722.352
14456.838
13992.892
13476.541
13022.514
12377.352
12082.189
12086.676
12585.271
13357.757
14058.378
14762.676
15259.459
15609.703
15878.541
16154.027
16301.324
16601.811
16400.621
16623.918
16597.945
16881.621
16673.783
16933.703
16839.648
17039.648
16909.568
16963.973
17186.893
17089.379
17059.918
17147.541
17365.082
17272.621
17303.918
17291.486
17237
17186.217
17272.432
17307.135
17223.945
17344.703
17341.594
17228.432
17343.297
17078.568
17242.918
17117
17099.973
17140.244
17154.945
16939.541
