20026.676
18094.918
17751.811
17892.379
17024.406
16987.514
16869.676
16764.621
16594.217
16381.216
16296.162
16004.892
15625.135
15170.108
14910.297
14171.216
13165.676
12112.405
10414.486
8250.271
5760.027
3339.622
1388.784
1110.622
2099.973
4142.243
6330.595
8319.838
9860.054
11315.405
12425.811
13173.865
13909.648
14425.946
14753.838
15157.271
15369.081
15446.135
15728.838
16013.892
16042.865
15989.162
16046.729
16127.189
16182.243
16209.703
16083.838
15967.135
15817.243
15750.378
15596.027
15424.514
15249.189
14777.567
14508.486
14162.459
13482.729
12661
11947.946
11504.757
11520.433
12092.541
12781.892
13824.729
14697.081
15486
15897.703
16380.838
16588.027
16845.486
17187.621
17498.838
17427.406
17605.135
17797.514
17756.973
17660.027
17908.27
17749.568
18052.676
18018.406
17979.486
17907.703
18021.945
18074.865
18184.379
18168.918
18096.27
18356.486
18357.918
18272.27
18299.568
18367.027
18076.055
18154.379
18017.838
18231.893
18346.244
18216.676
18196.135
18052.568
18107.514
18191.918
18241.703
18156.865
