16855.162
15074.459
14878.703
14862.027
14066.514
14245.486
14158.703
13827.757
13621.622
13521.189
13335.892
13138.243
13005.567
12517.567
11894.135
11138.784
10335.271
9253.946
7666.189
5702.622
3480.811
1717.108
1221.405
1703.946
2912
4676.297
6313.784
7759.541
8731.297
9785.757
10485.703
11498.271
11838.189
12114.676
12268.541
12533.162
12856.648
12985.729
13370.676
13184.567
13315.622
13304.108
13302.811
13453.378
13412.352
13177.216
13142.865
13096.216
12953.135
12944.486
12744.567
12615.919
12184.676
11916.324
11359.892
10874.108
10360.162
9610.108
9263.567
8985.378
9322.433
9982.162
10803.729
11425.271
12334.622
13006.378
13351.729
13540.216
14103.433
14226.081
14528.324
14564.567
14695.676
14783.459
14924.757
14913.459
14952.216
15037.703
15208.919
15283.811
15263.162
15201.352
15276.514
15255.027
15217.703
15414.486
15433.892
15537.378
15386.378
15507.541
15647.135
15591
15490.297
15450.648
15273.865
15345.216
15309.271
15344.676
15556.567
15379.108
15424.865
15325.378
15406.216
15166.676
15154.919
