21556.352
19111.756
18772.541
18585.703
17894.541
17709.973
17641.594
17536.107
17332.135
17072.244
16955.055
16715.324
16423.406
15943.514
15484.243
15078.081
14308.027
13304.352
12119.892
10694.189
8560.271
6410.135
3799
1997.73
931.162
1164.784
2685.432
4616.459
6556.595
8204.486
9769.378
10972.135
11857.595
12675.757
13461.973
13831.216
14336.973
14505.729
14869.459
15127.405
15332.297
15447.243
15466.865
15592.486
15714.676
15648.324
15500.946
15501.567
15312.216
15322.459
15108.729
14950.027
14683.108
14463.108
14055.514
13463.946
12671.433
11829.189
10737.676
9995
9180.081
8988.324
9494.514
10356.027
11804.838
13049.541
14023.648
14939.838
15559.838
16287.108
16733.594
17169.893
17363.756
17683
17827
17791.406
17921.514
18042.379
18063.945
18383.324
18451.676
18325.918
18160.055
18476.459
18437.082
18432.324
18538.893
18524.324
18591.055
18724.27
18698.459
18651.459
18608.027
18426.324
18651
18364.865
18640.703
18733.865
18552.107
18515.027
18378.676
18561.945
18564.324
18555.838
18491.676
