27296.477
24924.143
24925.285
24830.857
24305.428
24440.715
24378.238
24377
24294.428
24158.523
24317.334
23971.715
23960.477
23959.143
24122.904
23850.285
23527.715
23725.715
23364.904
23416.191
23347.285
23132.953
23103.428
22816.285
22713
22705.857
22332.619
22132.047
21951.666
21586.619
21142.428
20717.428
20352.523
19611.334
18967.096
18359.143
17842.143
16509.285
15524.429
14150.762
12723.667
11113.904
9579.667
7545.905
5938.81
4525.19
3343.428
2288.286
2059.667
1954.952
2167.572
3268.619
4135.381
5384.905
6709.333
7817.238
9154.19
10120.429
11128.333
12165.096
12818.571
13602
14005.238
14565.381
15007.429
15424.619
15603.381
15932.429
16226.904
16020.429
15726.667
15882.048
15603.143
15585.571
15464.238
15369.333
15241.143
15517.81
16081.762
16357.619
17190.809
17910.477
18145.904
18662.381
19096.762
19777.953
20190.334
20086.666
20354.572
21134.572
21468.047
21439
21798.619
22098.477
22330.285
22285
22716.285
22625.477
22955.428
23107.477
23299.381
23439.666
23405.904
23613.715
23710.428
