27187.381
24830.191
25054.096
24807.428
24346.953
24080.334
24112.666
23848.809
24035.523
24022.238
23712
23858.619
23547.857
23423.381
23463.285
23361.572
23418.572
23652.904
23294.238
23080.334
22905.381
22930.666
22881.572
22438.381
22637.477
22276.238
22185.715
21569.572
21524.762
21209.334
20747.191
20054.143
19732.381
18941.572
18356.857
17725.572
16998.904
15873.286
15039.381
13677.857
12214.381
10686.762
9201.19
7357.667
6006.143
4572.381
3021.952
2251.81
1688.095
1778.429
1777
2427.428
3123.476
4231.81
5181.143
6364.381
7618
8396.619
9567.477
10215.571
11194.429
12003.81
12469.096
12886.667
13524.429
13810.286
14059.571
14146.904
14534.523
14422.904
14485.81
14349.857
14464.19
14288.048
13982.571
14060.571
14066.238
14123.619
14281.429
14976.238
15433.523
15757.523
16557.762
17302.477
17613.334
18214.715
18759.285
18704.666
19418.809
19558.762
19718.334
20241.715
20894.666
20893
21203.381
21721.523
21929.428
22041.191
22414.477
22461.857
22646.904
22913.904
23151.096
22910.572
23250.762
