24394.857
22218.047
22190.715
22292.572
22026.334
21785.619
21789
21810.238
21755.477
21561.619
21355.619
21448.143
21384.572
21187.619
20804.809
21023.285
21037.715
20983.715
20796.334
20662.096
20594.953
20306.096
20320.523
20053.904
19837.285
19617.666
19522.381
19042.809
18337.047
18194.572
17525.428
16975.477
16350.952
15743.477
14723.904
13619.667
12647.762
11538.238
10538.096
8788
7584.857
6185.381
4879.667
3575.857
2801.19
2107.381
1858
1574.619
2098.048
2645.905
3223.238
4048.238
5022.857
5868.905
6620.381
7662.095
8398.81
9318.477
9812.571
10689.333
10880.571
11358.904
11787.762
11900.81
12409.571
12507.667
12551.619
12753.477
12533.143
12502.096
12119.667
11764.048
11941.857
11763.143
11907.714
11981.286
12145.952
12605.571
13193.477
13601.238
14375.429
14813.381
15394.477
15631.477
16191.429
16372.904
16725.381
17478.334
17734.762
18117.715
18224.238
18745.572
18749.904
19458.096
19532.715
19738.143
20044.572
20330
20376.143
20440.809
20636.666
20867.047
21002.762
21150.285
21182.143
