26851.477
24074.096
23826.953
23620.715
23199.953
23040.762
23142.477
23032.857
22952.047
22985.477
22813.428
22829.523
22387.809
22465.285
22444.666
22387.953
22299.572
21965.143
22141.666
21523.096
21705.381
21438.191
21139.572
20883.953
20662.477
20465.334
19858
19506.666
18974.285
18404.762
17749.572
16945.715
16213.381
15273.714
14166.81
13017.238
11716.19
10045.667
8882.381
7481.143
5794.286
4547.333
3528.524
2547.238
2037.952
1370
1586.714
1615.333
2064.762
2499.333
3593.286
4207.333
5000.81
5662.905
6527.095
7563.286
8163.81
8701.523
9699.429
10032.619
10436.429
11101.762
11215.143
11602.381
11798.81
11861.857
11705.619
12041.048
11774.286
11451.81
11377.667
11010.238
11286.523
11084.143
10949.333
11389.429
11985.048
12359.381
13412.952
13927.714
14693.143
15251.286
16007.523
16665.715
17040.096
17500.953
17884.381
18613.285
18782.619
19144.857
19692.572
19974.904
20167.715
20911.143
20949.572
21498.809
21446.096
21826.238
22157.715
21973.715
22075.809
22361.191
22578.762
22681.096
22612.715
