25774.477
22987.428
23017.334
22734.285
22091.857
22252.096
21766.666
21828.572
21702.904
21716.477
21687.715
21746.572
21628.428
21480.428
21290.334
21284.809
21393.523
20867.715
20821.334
20722.715
20116.047
19846.477
19852.238
19443.953
19118.096
18604.334
18196.143
17725
17112.428
16609.619
15997.238
15169.857
14228
13102.952
12149.286
10765.857
9494.096
8547.762
6921.048
5860.476
4563.429
3132.762
2509.19
1913.714
1579.333
1518.381
1291.238
1578.619
1918.81
2677.714
3064.905
3557.857
4378.81
4814.905
5965.286
6354.476
6922.667
7742.333
8059.143
8677.381
9106.571
9340.048
9659.571
9782.904
9946.048
9858.096
10211.238
9866.048
9739.429
9756.429
9663.477
9339.571
9262.238
9124.096
9361.571
9699.81
10310.857
10837.523
11697.571
12219.619
12804.238
13655
14141.286
14672.143
14901.477
15598.429
15856.619
16318.714
16939.523
17245.809
17362.666
18095.762
18313.428
19051
19330.428
19379.238
19767.047
19799.047
20119.285
20289.953
20350.143
20657.572
20811.715
20960.238
20975.619
