25492.809
22703.953
22627.334
22668.762
21830
21769.809
21816.047
21688.428
21328.334
21440.523
21288.238
21326.428
21461.381
21158.238
21169.953
21041.762
20714.096
20584.477
20313.096
19983.428
20090.953
19737.953
19210.096
18885.619
18643.334
18256.857
17784.619
17212.047
17026.238
16138.571
15697.523
14807.904
13754.143
12657.238
11630.333
10410.523
9103
8169.19
6946.762
5793.905
4294.81
3626.762
2903.524
2324.572
1626.429
1358.524
1388.19
1527.81
1907.238
2030.571
2616.667
2979.952
3709.476
4171.286
4761.143
5438.667
5457
6416.19
6893.143
7569.429
7600.19
8063.095
8604.096
8779.714
8761
8814.952
8952
8872.81
8701.714
9045.857
8550.571
8414.81
8131.905
8364.286
7972.714
8305.143
8823.904
9374
10151.904
10516
11209
11732.571
12584.429
13129.81
13516.952
14263.477
14608.143
15149.096
15696.714
16165.096
16262.429
16370.477
17455
17965.238
18300.477
18787.572
19066.285
19309.809
19620.285
19778.762
19878.238
19724.904
20339.715
20564.047
20561.666
