22467.572
20213.381
19927.523
19630.523
19310.904
19300.762
19465.334
19320.762
19339.285
19022.572
19264.666
18853.477
18932.428
18828.857
18786.953
18859.572
18720.715
18681.143
18156.619
18048.238
18160.953
17784.572
17899.715
17446.285
17150.191
17130.904
16743.715
16448.191
16216.143
15787.333
15665.19
14869.667
14294.048
13671.381
13254.952
12294.19
11566.857
10633.096
9917.667
8608.429
7481.19
6384.81
5691.667
4521.81
3655.762
2979.714
2461.572
1700.524
1350.81
1440.667
1141.714
1196.714
1416.524
1657.619
1920.571
2115.428
2660.238
3541.428
3689.905
4141.19
4500.905
4996.905
5052.429
5778.81
6083
6235.095
6691.19
6611.476
6961
6974.857
6939.476
6939.333
6970.143
6711.381
6708.81
6582.333
6333.476
6290.048
6293.286
6323.286
6939.143
7192.762
7864.571
8502.904
9103.048
9875.523
10282.238
11139.952
11413.952
11942.286
12487.571
12845.096
13231.333
13682.714
14274.477
14577.048
14920.333
15461.286
15810.667
16009.429
16446.334
16558.238
16876.523
17009.715
17592.477
