24144.191
21414.096
21255.572
21323
20564.715
20547.953
20681.762
20412.285
20320.953
20112.619
20158.904
20224.809
19873.857
19963.285
19896.428
19895.715
19661.047
19655.715
19312.334
19122.572
19372.143
18650.477
18779.953
18337.857
18311.904
17674.334
17516.191
17208.477
16910.428
16422.572
16056.714
15323.477
14796.523
13900.096
13253.048
12441.238
11435.523
10486.19
9552.048
8382.952
7322.571
6454.81
5364.619
4615.238
3813.81
2893.19
2470.714
2059.19
1479.238
1481.857
1377.81
1468.905
1438.714
1661
2073.095
1918.619
2585.714
2862.714
3175.81
3668.619
4206.048
4636.524
4781.952
5138.333
5632.619
5786.952
5959.476
6424.333
6452.476
6597.905
6619.619
6473.048
6445.619
6133.476
6036.762
5988.905
5881.238
5913.381
5823.286
6002.19
6230.905
6496.571
7260.333
7958.476
8568.048
9138.381
9955.19
10171.523
10779.571
11163.333
11717.523
12411.952
12847.857
13346.143
13863.571
14370
15169.286
15485.762
15852.571
16206.523
16442.047
16698.096
17103.238
17531.953
17913.096
