22823.285
19581.666
19807.143
19765.334
18866.285
18635.619
19003.715
18783.619
18616.381
18777.143
18500.477
18620.096
18728.143
18473.334
18347.285
18020.666
18297.523
18000.285
17755.619
17609.666
17503.857
17038.619
16717.666
16715.715
16173.571
15875.81
15514.952
15284.477
14584.523
14079.333
13751.857
13119.762
12496.571
11807.667
10987.286
9834.286
8971
8266.619
7298.81
6295.476
5538.286
4533.286
3990.286
3133.476
2597.19
2139.81
1609.524
1584.048
1309.81
1144
1242.095
1049
1338.143
1729.19
2005.429
2304.143
2369.762
2522.952
3016.762
3343.524
3467.857
4005.619
4435.429
4499.429
4823.905
4834.857
4787.905
5194
5254.048
5413.19
5507
5506.667
5063.81
5069.667
5033.905
4887.714
4631.952
4877.762
4900.19
5262.238
5638
6062.714
6563.905
6956.286
7226.095
8013.048
8718.238
9344.571
9546.286
9943.714
10528.238
10971.571
11600.571
12070.096
12787.096
12919.286
13508.048
14137.619
14517.857
14735.762
14998.81
15156.714
15794.381
15982.096
16300.952
