28505.75
25140.875
24899.25
24830.562
23679.562
23409.75
23266.375
23322
23207.25
22677
22727.125
22639.438
22854.375
22479.562
22187.938
21937.875
22059.25
21510.5
21384
20733.75
20427.188
20059.562
19593.312
18971.188
18374.562
17690.812
17113
15899.188
15028.625
13613.625
12080.688
10102.25
8694.5
6858.875
4711.938
3361.188
2177.25
1519.688
1543
1520.312
2416.75
3261.375
4807.188
5880.938
7186.25
8391.5
10222.625
11096.438
11972.312
12803.562
13698.188
14455.875
14695.188
15181.688
15779.812
15972.188
16127.875
16329.25
16485.438
16603.75
16207
16397.938
16335.875
16151.5
15887.438
15889.312
15702.688
15786.625
15992.375
16584.562
17061.438
17252.438
17943.875
18133
18584.375
18872.5
18936.188
19777.75
19964
20237
20076.75
20716.438
20837.062
21442.875
21734.812
21881.312
22175.75
22493.688
22465.562
22549.438
22953.062
22982.25
23059.312
22793
23098.188
23243
23137
23492.312
23291.312
23374.938
23877.312
23741.125
23763.938
23624.562
24019.5
