26787.375
23895.375
23244
23206.75
21789.875
21666.625
21490.125
21415.938
21478.625
21472.5
21087.625
20901.188
20872.5
20775.5
20550.812
20162.562
20090.25
19663.125
19282.312
18911.625
18715.438
18355.375
17955.75
17521.688
16516.125
15701.938
14845.312
13609.625
12291.5
11081
9682.125
8073.375
6080.812
4203.875
3374.125
2212.5
1392.438
1316
1484
1822.812
2684.375
3652.438
4924.062
6005.875
7121
8130
9327.062
10257.25
10969.375
11534.625
12255.75
12524.562
13363.125
13774.938
13804.062
14455.438
14333
14487.562
14468.938
14642.75
14361.625
14441.188
13761.25
14044.812
13632.062
13856
13617.875
14414.312
14453.125
14825
15501.625
15648.25
16089
16344.438
16830.938
17370.688
17440.375
17911.875
18629.875
18754.312
18910.438
19444
19413.25
19830.875
20262.562
20249
20674.688
20808.375
20682.438
21273.5
21321.188
21471.062
21886.375
21706.25
21672.812
22040.938
22134.312
22185.438
22040.75
22297.625
22333
22189.75
22192.875
22289.25
22702.25
