19583.375
17226.062
17331.688
16870.625
16410.812
16539.125
15918.875
16078
16000.875
16183.875
15626.625
15398.75
15227.062
15514.562
14848.75
14964.688
14806.75
14587.062
14109.562
13956.25
13138.5
12826.062
12016.438
11454
10669.75
9772.875
9130.438
8110.375
6975.875
5571.312
4371.562
3046.562
2325.312
1406.625
1380.25
1190.062
1232.875
1272.25
2404.125
3233
3718.625
4474.812
5392.625
6064.25
6760.312
7597.312
8023.875
8429.938
8870.562
9506.562
9891.188
10270.688
10181.125
10263.688
10477.562
10292.875
10480.75
10473.188
10070.125
10146.562
10137.5
9538.812
9647.875
9804.062
9919.5
10097.562
10201.125
10946.75
11205.188
11302.25
11665.5
12242.5
12206.625
12383.125
12955.75
12676.688
12965.812
13792.812
13521.562
14178.75
14350.562
14759.125
14768.125
15104.5
15441.188
15442.812
15631.5
15882.375
15638.125
15756.062
16265.75
16137.438
16194.062
16300.75
16159.438
16184.812
16308.125
16600.312
16608.125
16360.375
16394.875
16490.688
16606.688
16934.125
16724.625
