26669.188
23572.938
23318
23178.188
21935.438
21639.188
21639.562
21459.188
21366.25
21213
21338.75
21226.5
20792.312
20955.562
20869.438
20585.812
20482.625
20340.312
19829.562
19641.062
19275.562
19101.938
18629.062
18476.438
17980.875
17581.688
16999.875
16585.875
15534.25
14580.375
13565.25
12684.812
11871.875
9684.188
8626.562
7103.625
5667.938
4645.062
2981.938
2186.875
1729.125
1490.812
1090.375
1543.188
1829.188
2540.188
3372.688
4330.188
5165.75
6019.625
6745.438
7962.438
8784.812
9220.688
10140.812
10621
10944.75
11024.75
11528.562
12107.25
12147.125
12116.5
12344.938
12587.188
12311.438
12261.5
11844
11829.5
11389.062
11168.25
11211.188
11762.75
12166.312
12609.25
13187.438
13273.375
13640.812
14134.625
14602.75
15093.062
15546.062
15684.75
16649.125
16991.438
17525.688
17807.5
17984.938
18772
18646.188
19253.25
19861.875
19744.562
19830.438
20256.75
20480.188
20736.812
20680.375
20839
21193.312
21166.125
21570.125
21612.875
21518.812
21540.312
21492.312
