24437.875
21423.938
21681.375
21604.75
20563.938
20154.562
20179.938
19749.938
20018.938
19538.25
19772.375
19585.125
19490.688
19536.812
19621.562
19363.688
19564.375
19277.75
18672.312
18845.312
18526.812
18243.562
18105.938
17519.312
17189.375
16962.125
16468.812
16131.562
15690
14907
14104.875
13071.125
12203.562
11330.938
9844.562
8716.25
7407.312
6466.188
4869.312
3939.312
2810.688
2060.188
1528.875
1154.75
1066.312
1278.562
1813.875
2461.5
2806.688
3324.75
4432.562
5214
6114.188
6590.375
7553.062
7941.938
8403.875
9015.375
9280.5
9845.938
10328.125
10531.5
10472.75
10756.438
10567.188
10907.75
10546.5
10669.625
10292.5
10221.812
9833
9562.062
9993.062
10178
10694.188
11026.938
11136.125
11519.125
12194.312
12238.312
13099.062
13297.25
13699
14272.312
14584.562
15366
15915.688
15993.5
16617.812
17253.812
17255.438
17535.5
17684.688
18196.438
18110.875
18811.688
18747.25
18792.625
19256.125
19201.75
19241.812
19668.188
19672.625
19879.375
20006.688
