19122.25
17179.188
17001.25
17174.312
15988.25
16112.375
16022.25
15821.688
15735.5
15689.938
15378.375
15235.625
15425.438
15190.375
14985
14938.625
15017.562
14152.375
14363.375
13705
13408.25
12861.938
12579.312
12260
11641.625
11048.875
10365.312
9645.5
8862.875
7965.562
7330.312
6182.188
4786.75
4099.375
3290.438
2663.062
1897.625
1295.625
1161.875
1177.812
1184.125
1557.25
1811.688
2189.875
2749.188
3038.625
3402.375
4359.75
4942.938
5137.125
5673.188
6130.688
6716.688
7182.188
7380.312
7152.625
7662.562
7903.062
7967.875
7970.188
8188.312
8137.375
7713.5
7469.312
7585.5
7201.5
7384.75
7134
7349.375
7072.125
8094.625
8152.062
8501.812
8707.5
9116.375
9538.688
10066.75
10395.062
10357.5
10666.75
11338.438
11677.125
11860.938
12401.188
13131.688
13161.75
13644.75
14090.125
14520.875
14548
14688.312
14949
15037.75
15152.438
15175.25
15360.938
15584.875
15669.938
15756.875
15903.812
15799.875
15907.875
15817.5
16211
15889.75
