23101.688
20277
20067.438
19722.25
18914.938
18680.312
18579.688
18723.5
18469.375
19025.812
18307.062
18887.125
18764.938
18530.25
18370.562
18315.875
17947.75
17875.062
17720.688
17947.938
17779.312
17515.75
18011.938
17932.562
18109.562
17643.375
17381.812
16906.125
16403.688
16306.75
15821.688
15492.812
15122.75
15182.562
14482.375
13882.062
13475.125
12841.75
11983.062
11085.5
9964.875
8997.875
8017.75
7086.625
5857.812
4912.188
3979.562
2994.188
2458.812
1529.75
1323.812
1170.5
939.875
1346.25
1440.375
1715.75
2117.562
2732.25
3331.062
3847.25
4561.688
4808.188
5217.562
5763.5
6187.125
6895.125
7185
7451.812
7740.375
8187.375
8295
8389.062
8256.188
8126.25
7867.062
7793.25
7455
7525.188
7425.5
7584.188
7334.938
7601.5
7992.188
8436.188
8598.625
9191.625
9590.125
9773.938
10081.125
10510.5
11002.125
11749.875
12113.438
12617.562
13009.625
13451.562
14169.375
14344.25
15186.938
15200.562
15802
16222.312
16766.188
17132.188
17160.25
