22115.375
19894.812
19969.375
20023.562
19145.188
18861.312
18765.438
18221.375
18003.125
18130.312
18710.812
18491.5
18650.75
18615.938
18631.062
18661.812
18638
18083.5
18054.625
18153.062
17899.438
17568.562
17574.062
16863.938
17462.312
16923.125
17065.25
17242.438
16646.562
16440.312
16092.688
15731.938
15009.375
14671.625
14016.625
13764.625
13345.75
12636.75
11669.062
10830.625
10098.812
8698.438
8189
7124.5
6204.875
4933
3880.188
2828.625
2529.625
2106.062
1320.375
1176.125
1153.75
1364.312
1350.688
1260.5
1536.75
2222.062
2433.625
3198.125
3695.938
4272.875
4658.062
4938.375
5427.875
6110
6062.188
6291.312
6810.75
6786.312
6811.75
7501.125
7373.125
7397.812
7312.875
7156.438
6804.188
6672.438
6451.938
6454.688
6410.375
6538
7057.375
7498.25
7781.688
8248.562
8246.062
8677.5
9011.438
9316.812
9452.562
10031.312
10554.188
10848.25
11290.188
12186.438
12529.125
13000.625
13953.875
14234.25
14600.375
15169.062
15858.562
16031
16569.375
