21122.375
18651.125
18049.375
18499.688
17491.562
17411.312
17225.5
17334.375
17295.125
17285.625
17301.375
17134.5
17093.125
17318.312
17009.188
16863.062
16457.812
16517.875
16507.5
16031.125
15882.062
15917.312
15878.812
15702.125
15640.625
15412.375
15182.188
14770.75
14398.062
14053.562
13765.812
13776.562
12803
12497.125
11403.312
11276.875
10340.125
9737.938
8914.688
8192.625
7343.312
6457.438
5515.438
4311.625
3797.125
3221.438
2191.688
1687.125
1505.75
1316.625
911.938
1007.5
1326.312
1188.312
1228
1349.125
1734.438
2311.125
2499.375
2589.375
3219.125
3772.438
4186
4151.375
4367.312
4991.375
4991.125
5553.875
5580.312
5696.312
5696.75
5738.625
5867.438
5481.938
5585.375
5338.188
5413.188
5161.062
4984.562
5081.312
5242.688
5429.938
6005.875
5931.938
6443.875
6795.625
7036
7357.812
7659.25
8400.188
8902
8747.938
9364.125
9916.5
10474.188
11186.5
11861.625
12255.188
12837.375
13428.25
13777.75
14267.75
14539.812
14539.375
14899.625
