-55
-53.3333
-51.6667
-50
-5
-4.85
-4.7
-4.55
-4.4
-4.25
-4.1
-3.95
-3.8
-3.65
-3.5
-3.35
-3.2
-3.05
-2.9
-2.75
-2.6
-2.45
-2.3
-2.15
-2
-1.85
-1.7
-1.55
-1.4
-1.25
-1.1
-0.95
-0.8
-0.65
-0.5
-0.35
-0.2
-0.05
0.1
0.25
0.04
0.55
0.7
0.85
1
1.15
1.3
1.45
1.6
1.75
1.9
2.05
2.2
2.35
2.5
2.65
2.8
2.95
3.1
3.25
3.4
3.55
3.7
3.85
4
4.15
4.3
4.45
4.6
4.75
4.9
5.05
5.2
5.35
5.5
5.65
5.8
5.95
6.1
6.25
6.4
6.55
6.7
6.85
7
7.15
7.3
7.45
7.6
7.75
7.9
8.05
8.2
8.35
8.5
8.65
8.8
8.95
9.1
9.25
9.4
9.55
9.7
9.85
10
