22950.514
20234.027
20086.217
19978.811
19454.594
19497.783
19521.676
19602.973
19287.107
19251.703
19090.406
18915.703
19028.703
18913.918
18471
18592.838
18206.676
18181.162
17913.027
17496.297
16832.73
15984.784
14950.378
13376.352
11156.648
8215
4857.405
2386.865
2141.324
4661.027
8177.595
11052.541
13264.703
14668.648
15791
16626.189
17252.811
17714.082
18012.676
18192.107
18164.406
18465
18589.783
18764.945
18680.541
18924.893
18921.865
18871.838
18944.703
19087
19042.027
19162.945
19006.27
19037.838
19267.621
19394.703
19384.918
19176.865
19128.406
19348.27
19202.973
19243.541
19107.783
19240.514
19223.676
19496.621
19406.055
19290.406
19369.514
19292.162
19358.162
19417.406
19607.838
19529
19518.486
19638.568
19811.918
19637.379
19556.082
19475.648
19752.189
19930.352
19563.107
19838.352
19668.352
19695.107
19733.189
19694.244
19783.703
19576.244
19667.459
19963.918
19975
19670.107
19716.459
19576.783
19701.918
19915.135
19669.676
19620.027
19457.594
19856.811
19791.107
19746.838
19526.865
