22580.783
19810.676
19641.893
20127.486
19318.594
19281.027
19099.406
19064.973
19089.918
18989.027
18883.027
18669.973
18555.486
18426.893
18132.893
18014.135
18078.621
17526.514
16917.055
16153.729
15556.459
14475.892
12792.405
10435.729
7543.919
4122.162
1410.595
1659.162
4539.784
8031.648
10709.541
12882.271
14385.892
15510.541
16351.973
16740.082
16831.406
17300.893
17470.703
17867.107
18258.297
18175.783
18106.783
18230.568
18468.324
18409.082
18296.945
18446.756
18497.162
18315.379
18436.945
18667.865
18700.189
18721.27
18557.514
18541
18631.973
18804
18867.73
18655.73
18540.107
18862.811
19045.945
19050.594
19046.135
18722.135
19038.676
19083.73
19013.324
19273.486
19228.594
19122.189
19388.783
19572.027
19369.514
19506.783
19619.811
19560.27
19843.648
19545.162
19536.594
19626.918
19817.594
19801.162
19731.541
19508.135
19490.811
19741.676
19739.082
19709.838
19551.621
19360.27
19611.027
19635.432
19670.107
19543.082
19372.352
19164.594
19534.107
19467.432
19579.379
19270.352
19175.918
19272.73
19353.893
