18494.139
16475.166
16585.166
16642.277
16313.306
16030.639
16108.111
15986.139
15820.027
15795.861
15769.917
15435.389
15290.194
14975.861
14655.75
14335.223
13480.777
12748.361
11549.889
10311.194
8269.223
5955.167
3768.194
2126.167
1667.417
2406.222
4044
6096.722
7736.917
9307.694
10588.333
11484
12212.694
12971.389
13247.417
13658.556
13972.527
13993.111
14269.167
14504.806
14734.777
14797.389
14712.889
15017.083
15042.583
14974.361
15049.027
15181.806
14992.694
14964.167
15053.167
14958.527
15042.083
14849.361
14754.194
14639.723
14584.639
14487.111
14346.417
14298.75
14291.973
14342.25
14449.194
14672.223
14775.723
14933.5
15102.417
15247.723
15175.806
15425.361
15642.333
15600.306
15705.389
15717.25
15776.167
15898.139
15916.889
16142.389
16078.139
16074.611
16240.583
16165.333
16257.333
16195.277
16399.361
16226.361
16384.639
16354.75
16269.667
16262.111
16190.806
16072
16094.139
16087.389
16183.611
16400.695
16237.611
16384.445
16338.861
16334.306
16538.777
16447.389
16536.584
16562.666
16538.139
