20728.111
18796.834
19044.473
19038.695
18464
18240.889
17988.527
17933.445
17928.834
17788.195
17905.361
17585.445
17577.584
17483.5
17281.695
16895.416
16626.223
16136.5
15684.194
14640.944
13822.833
12510.417
10893.694
8948.611
6262.583
3807.028
1740.083
1212.167
1852.472
3464.611
5698.5
7813.25
9341.167
11104.223
12156.944
12943.917
13506.056
14249.694
14550.027
15064.389
15399.917
15646.723
15808.5
16000.694
16192.277
16239.694
16214.889
16322.5
16243.277
16288.25
16314.611
16121.833
16217.527
16124.444
16093.223
15910.277
15754.667
15691.75
15683.889
15453.5
15406.473
15539.556
15398.723
15275.083
15380.194
15673.027
15761.556
16071.861
16221.806
16395.25
16585.695
16934.584
16896.555
17132.416
17390.139
17461.916
17604.166
17760.75
17868.5
17793.445
17947.611
18103.695
18123.555
18119.084
18218.334
18180.861
17961.473
17837.277
18069.555
17839.861
18010.889
18057.945
18193.777
17979.055
18269.777
18169.334
18381.945
18373.027
18478.639
18688.805
18671.834
18537.611
18480.111
18563.305
18916.389
