20563.916
18773.25
18765.723
18606.889
17828.055
17904.945
17620.445
17582.139
17179.223
17011.777
16741.223
16413.639
15857.083
15414.444
14789.583
13802.056
12784.277
11334.694
9587.556
7325.222
5169.222
3017.583
1485.417
1195.194
1757.111
3089.083
4835.278
6475.583
8186.722
9391.527
10562.973
11621.777
12381.083
12996.333
13615.777
13818.694
14215.25
14393.194
14750.333
14965.167
15157.417
15140.361
15346.194
15249.973
15340.777
15537.5
15337.833
15334.527
15311.833
15119.5
14990.417
14789.973
14688.806
14620.527
14305.723
14367.694
14144.167
14073.639
14081.361
14080.333
14103.944
14313.25
14660.527
14753.75
15268.944
15551
16087.361
16328.833
16509.805
16907.945
17128.305
17247.723
17515.5
17558.445
17776.945
17713.695
17781.139
17929.889
17972.305
18034.195
18108.305
18049.527
18106.916
18112.223
18141.666
18291.584
18094.111
18343.695
18157.527
18196.139
18273.777
18394.25
18390.389
18431.084
18377.166
18540.527
18324.973
18514.25
18493.195
18503.5
18292.861
18450.973
18505.277
18452.361
18541.916
