18661.695
17089.166
16992.527
17213.861
16386.834
16435.639
16185.667
16113.139
15755.223
15734.223
15553.583
15555.611
15251.25
14832.139
14429.417
13872.194
13147.889
12218.194
11279.139
10126.5
8272.473
6418.167
4774.111
2979.722
1810.833
1582.333
1886.444
2899.028
4025.333
5337.389
6867.056
7999.444
9004.194
9761.5
10536.944
11261.25
11588.75
12117.167
12405.333
12583.917
12903.194
13112.056
13142.194
13232.75
13474.889
13530.5
13519.056
13530.75
13493.5
13374.583
13241.861
13339.833
13137.306
13164.777
12780.361
12572.694
12514.056
12184.861
12109.889
12051.111
11849.667
11967.75
11978.056
12378.111
12486.027
12990.5
13264.167
13540.694
14071.777
14326.111
14637.611
14849.306
15184.417
15375.277
15539.361
15593.527
15774.806
15922.917
15894.944
16186.667
16103.139
16212.723
16293.917
16410.611
16471.666
16624.584
16545.277
16604.723
16544.834
16621.5
16624.861
16574.305
16665.777
16662.055
16629.084
16662.695
16687.473
16745.723
16921.666
16826.889
16622.639
16855.945
16805.555
16791.5
16826.777
