19552.805
18292.195
18338.611
18165.777
17548.945
17193.361
17170.889
17026.416
16864.473
16831.555
16556.25
16094.944
15778.333
15412.889
14976.083
14361.917
13823.389
12784.417
11842.444
10631.944
9062.194
7457
5627.556
3715.028
2546.75
1825.5
1652.139
2309.417
3190.222
4401.528
5347.361
6608.361
7823.389
8690.723
9658.833
10458.861
10967.861
11380.611
12017.973
12245.027
12596.194
12741.167
13013
13156.083
13251.611
13172.556
13392.639
13505.417
13509.306
13476.139
13195.444
13122.694
13205.694
12985.583
12692
12644.777
12236.527
12166.833
11973.306
11680.444
11710.306
11622.083
11788.25
11725.667
12084.111
12485.389
13002.139
13259.444
13820.361
14199.723
14802.889
15271.417
15428.056
15878.861
16096.889
16428.305
16440.139
16702.277
16802.639
16916.139
17165.834
16865.916
17242
17306.527
17272.777
17309.973
17393.834
17441.555
17503.723
17542.195
17789.584
17565.889
17579.973
17771.584
17771.277
17760.305
17767.805
17894.973
17704.389
17666.527
17866.25
17780.777
17793.305
17837.889
17917.666
