23431.889
22294.361
22284.834
22284.25
21178.639
20721.527
20599.5
20356.027
19952.027
19518.473
19111.195
18802.25
18097.111
17399.416
16577.889
15459.667
14240.861
12512.473
10722.361
8837.417
6665.583
4590.389
2771.889
1824.222
1606.861
1921.167
2879.056
4329.556
5777.722
7298.917
8576.027
9798.583
10973.694
11833.944
12621.5
13290.917
14052.917
14212.5
14644.111
15004.917
15251.723
15355.527
15646.694
15602.527
15650.306
15608.167
15556
15555.777
15401
15285.361
15018.027
14849.417
14530.389
14276
13955.473
13541.723
13118.777
12976.75
12798.306
12614.75
12766.556
12865.973
13133.694
13661.027
14399.333
15267.25
15758.417
16606.445
17218.834
17772.555
18109.805
18876.334
19243.945
19521.805
19800.973
20225.695
20396.25
20501.473
20599.473
20739.305
20782.5
20960.5
20895.473
21056.834
21385.861
21268.695
21483.166
21534.055
21549.473
21501.25
21453.75
21702.473
21405.111
21615.834
21834.473
21668.723
21588.777
21632.834
21699.139
21773.277
21795.139
21730.639
21703.695
21752.861
22057.75
