20864.027
19974.25
19845.473
19909.805
18885.361
18671.723
18614.084
18247.723
18155.195
17876.361
17671.75
17374.389
16858.75
16511.389
15900.5
15134.223
14471.306
13402.611
12265.306
10851.556
9216.583
7474.889
5658.278
3927.75
2631.056
1829.639
1417.389
1861.528
2399.528
3446.667
4601.639
5827.111
6711.389
8040.861
8906.694
9658.833
10309.806
10919.889
11377.973
12048.333
12312.25
12559.944
12592.833
12987.723
12946.25
13210.167
13198.194
13388.306
13322.556
13179.944
12910.306
12896.556
12626.361
12552.444
12220.444
11922.583
11799.694
11365.306
10818.861
10603.944
10451.333
10370.306
10302.167
10464.223
10869.194
11211.667
11922.277
12679.944
13300.139
14074.973
14692.111
15329.194
15923.639
16414.973
16812.695
17200.805
17451.973
17690.805
18190.973
18288.25
18386.861
18569.25
18644.139
18717.055
18963.945
18948.195
19090.527
19161.195
19236.139
19385.305
19376.139
19222.25
19520.973
19409.945
19398.666
19563.223
19543.055
19456.027
19658.973
19765.25
19631.195
19717.416
19713.195
19752.861
19636.75
