19237.723
18244.361
17997.805
18029.916
16927.445
16688.305
16567.084
16281.194
16085.889
15894.723
15642.167
15124.583
14649.277
14372.5
13436.944
12816.861
11643.389
10952.223
9725.527
8482.583
6934.417
5524.556
4080.556
3047.806
2238.083
1797.611
1916.75
2308.75
2849.361
3729.806
4634.583
5543.444
6281.472
7119.833
7852.694
8502.806
9240.417
9434.806
10026.056
10364.473
10542.833
10856.473
10982.889
11167.277
11356.389
11381.333
11306.167
11277.583
11136.389
11251.723
10930.194
10936.806
10863.917
10501.5
10188.556
9799.806
9668.194
9362.083
9256.417
8831.306
8627.639
8574.277
8725.833
9031.556
9585.027
9915.306
10522.027
11338.556
11800.333
12622.917
13191.444
13865.973
14288.889
15093.111
15205.723
15706.639
15933.527
16332.944
16636.639
16731.195
16803.777
16991.861
17134.445
17339.973
17316.25
17344.305
17427.027
17526.611
17572.639
17589.611
17727.5
17586.027
17631.584
17600.25
17852.223
17837.25
17687.639
17876.75
17782.611
17691.695
17907.084
17729.305
17793.25
17584.834
17773.305
