23499.219
20832.281
21111.312
21103.188
19159.25
18882.375
18217.312
17894.781
17372.719
16454.125
15955.938
14856.438
13703.844
12335.781
10468.062
8305.094
6351.312
3954.938
2548.219
1412.031
1609.531
2161.219
3487.656
4926.531
6469.188
8102.531
9407.969
10703.969
11425.188
12602.156
13349.062
13862.469
14342.781
14879.312
15378.281
15572.844
15723.344
16055.938
16324.469
16508.938
16500.094
16898.031
16805
16849.469
17170.844
17249.625
17092.406
17032.406
17354
17153.812
17319.938
17078.438
17199
17291.938
17266.656
17363.688
17271.031
17805.469
17813.5
18418.5
18097.5
18367.156
18529.438
18835.75
18998.812
19300.281
19328.562
19285.125
20005.312
19705.156
19973.281
20110.5
20154.844
20138.562
20163
20213.812
20538.969
20469.125
20620.406
20567.844
20468.156
20331.625
20637.281
20743.031
20823.281
20426.844
20437.5
20470.625
20919.375
21022.938
20822.188
20942.5
20885.625
20803.062
20894.844
20875.281
20738.5
20783.156
20775.344
20866.781
20654.469
20823.812
20463.906
20843.844
21088.062
