26108.094
22461.719
22320.531
22339.469
20932.125
20653.094
20494.562
20215.906
19802.25
19566.75
18885.938
18266.469
17932.062
17154.531
16302.781
15384.031
13819.938
12177.781
10428.062
8340.938
6088.375
4195.906
2253.656
1382.406
1407
1767.562
3051.438
4527
6403.875
8086.031
9334
10601.156
11736.906
12850
13345.969
14238.188
14722.062
15304.75
15560.5
16358.75
16379
16621.312
16699.062
17005.938
17144.469
17295.812
17417.812
17449.781
17309.844
17473.719
17675.719
17593.75
17342.594
17623.344
17747.906
17944.906
17632.969
17796.281
17763.375
17841.5
18163.375
18358.875
18260.125
18703.75
18885.656
19064.188
19333.594
19610.625
19859.594
20031.469
20448.125
20736.719
20422.062
20828.781
20832.031
21238.844
21290.812
21238.031
21327.656
21447.781
21350.812
21610.906
21775.469
21681.531
21710.25
21556.594
21622.656
21670.531
21707.312
21872
21976.406
21838.156
21977.875
21774.562
21830.812
21915.031
22089.531
21876.969
21869.094
21880.188
21786.5
21993.188
21713.938
22159.562
22053.938
