23722.625
22016.219
21876.156
21639.531
19650.375
19221.906
18806.656
18638.25
18166.781
17400.531
17306.344
16430.531
15803.188
15128.375
14224.438
13006.438
11943.594
10560.75
9287.656
8047.812
6577.031
5108.719
3697.5
2360.344
1993.344
1221.969
1217
1214.594
1680.438
2464.906
3203.688
4007.062
4728.281
5477.094
6366.812
7197.719
7721.469
8410.969
8858.562
9532.031
10029.188
10163.688
10239.312
10942.438
11432.125
11269.062
11550.25
11611.312
11537.312
11972.406
12147.719
12044.562
11985.594
11932.25
12155.219
12264.969
12202.344
12075.969
12039.125
12463.812
12627.188
12402.156
12649.781
13162.625
13580.75
13718.656
13870.188
14102.156
14680.781
15557.344
15948.906
16314.719
16521.75
16745.156
17474.312
17833.969
18375.25
18810.812
18893.875
19071.375
19248.219
19397.125
19845.656
19922.562
19939.25
20131.562
20087.625
20176.156
20563.344
20895.562
21023.688
20885.406
20645.781
20817.438
20752.844
21159.688
20953.469
21263.312
21380.094
21005.969
21003.844
21131.188
21330.906
21404.875
21312.156
