22920.209
21953.5
21692.416
21873.75
21404.541
21382.041
21277.791
21229.459
21295.125
21094.916
21081.416
20951.75
20878.084
20750.959
20059.334
20177
19689.375
19354.416
18787.25
18062.291
17132.459
15687.542
14024.958
11233.042
8057.25
4655.292
2625.208
2520.5
4240.625
7317.542
10179.625
12485.208
14636.583
15984.833
17204
17955.209
19041.791
19073.875
19721.959
19880.959
20131.916
20418.791
20544.916
20534.416
20562.041
20885.625
20908.541
20950.209
20830.084
21083.584
20955.084
20975.375
20987.791
20974.041
20757.459
20715.291
20667.666
20789.916
20308.334
20126.5
19818.916
19623
19087.875
18666.666
18965.375
19134.25
19736.416
19987.209
20630.209
20633.125
21100.791
21064.416
21180.25
21173.584
21208.834
21172.041
21475.166
21219.25
21296.084
21412.709
21440.041
21419.791
21501.666
21375.125
21496.375
21401.125
21516.834
21470.709
21190.084
21188.041
21313.959
21340.625
21596.416
21578.666
21604
21533.209
21632.834
21446.875
21544.625
21571.334
21418.041
21575.625
21597.875
21429.166
21487.541
