21221.75
20511.291
20580.334
20365.459
19848.166
19791.375
19621.334
19474.834
19606.75
19331.291
19182.166
19057.125
18925.916
18683.875
18343.666
18180.25
17565.666
16960.709
15937.542
15193.542
13778.917
11714.125
9329.292
6606.917
3840.333
2576.417
3022.25
4937.792
7599.917
9742
11602.792
13463.25
14614.958
15695.833
16479.75
17078.5
17533.791
17955.166
18122.791
18276.666
18602.709
18613.334
18782.541
18859.334
19102.166
18984.584
19105.125
19097.041
19361.834
19182.875
19333
19323
19387.791
19139.416
19066.584
19176.834
18667.875
18489.625
18144.459
17561.584
17225.916
16641.541
16512.834
16614.875
17271.541
17810.041
18371.791
18806.584
19198.541
19379.916
19360.666
19774.666
19948.416
19864.25
19913.375
20157.916
20095.25
19989.291
19985.709
20237.291
20040.625
20142.334
19994.375
20022.959
20207.041
20180.666
20219.834
20137.791
20199.834
20301.041
20191.125
20165.334
20118.166
20216.75
20237.416
19983.791
20220.166
20290.834
20086.166
20195.5
20407.459
20346.375
20199.709
20214.834
20324.75
