19255.25
17095.375
17129.959
17086
16704.291
16573.041
16536.791
16475.416
16306.708
16397.5
16113.333
15787.708
15642.75
15188.75
15015.667
14389.667
13755.833
12984.917
11340.417
9599.417
7363.5
4511.583
2042.625
1468.958
2632.667
4387.875
7282.125
9021.625
10781.667
11937.042
13068.708
13709.75
14513.875
14762.417
15088.583
15439.917
15731.625
15847.625
15939.5
16212.292
16203.5
16233.625
16121.75
16315.5
16355.708
16633.959
16572.709
16593.875
16408.584
16464.459
16282.625
16488.291
16111.042
16109.708
15866.792
15597.375
15193.333
14678
14207.667
13932.292
13624.292
13985.917
14487.5
15080.25
15700.708
16144
16265.583
16406.334
16720.334
16844.791
16976.834
16989.375
17094.834
17257.084
17118.125
17235.916
17043.709
17231.916
17114.25
17344.209
17251.791
17373.209
17509.459
17147.125
17243.166
17047.25
17423.375
17354.875
17335.334
17137.125
17404.041
17250.375
16924.291
17128.5
17249.541
17099.209
17338.75
17189.834
17109.25
17032.834
17218.834
16998.166
17117.584
17166.959
16950.666
