20337.875
19392.416
19397.916
19426.834
18910.791
18900.791
18745.75
18592.209
18441.209
18347.084
18316.166
18115.291
18042.125
17929.75
17392
16902.875
16441.916
15909.833
15023.292
13867.75
12515.167
10184.583
7686.708
4620.083
2555.083
2040.958
2868.208
5068.625
7276.625
9302.75
11241.417
12712.042
13965.5
14927.667
15434.958
15894.708
16560.459
16819.334
17178.916
17430.041
17641.041
17906.5
17669.875
17921.209
17979.666
18093
17981.541
18172.291
18138.709
18132.125
18040.834
18032.75
17669.084
17929.75
17689.416
17248.834
17142
16813.834
16078.667
15472.25
14583.125
14258.083
13836.875
14206.583
14992.833
15851.583
16608.834
17088.541
17810.916
17922.75
18255.416
18490.041
18383.834
18597.791
18735.541
18641.916
18661.125
18916.459
18852.084
19193.875
18876.5
18923.125
19029.375
18839.375
18883.875
18814.209
19034.416
18786
18989.291
19109.875
19002.584
19052.209
18958.541
18871.875
18984.209
18949.041
19085.459
18895.125
18928.584
18927.75
18957.791
18901.916
18985.25
18920.625
18919.084
