22341.625
19957.584
20066.125
20147.916
19256.541
19444.666
19147.584
19176.5
19114.166
18905.584
18960.75
18696.25
18622.25
18555.125
18233.834
18019.291
17562.166
17039.5
16394.041
15633.083
14304.167
12895.375
11011.792
8430.875
5575.708
3129.792
1517.875
1635.833
2965.5
5178.375
7593
9748.708
11183.5
12622.583
13941.792
14749.667
15535.583
15991.375
16315.708
16572
16685.709
17270.084
17382.166
17657.209
17462.166
17790.334
17776.791
17716.416
17772.916
17799.041
17917.375
17728.125
17459.541
17467.625
17052.041
16748.584
16395.041
15861.083
15454.292
14504.708
13524.25
12540.083
11393.292
10543.375
10773.083
11681.208
12784
14272.958
15533.167
16495.375
17076.166
17636.541
18096.25
18675.584
18783.5
18856
19017.916
19143.5
19255.209
19144.334
19124.666
19314.375
19127.709
19026.875
19403.041
19172.416
19142.125
19415.416
19256.459
19257.416
19374.291
19185.834
19478.125
19335.334
19222.791
19185.584
19444.084
19325.791
19266.75
19357.791
19644.916
19398.709
19598.916
19556.584
19818.834
