22381.709
21458.459
21375.209
21503.166
21063.125
20814.209
20874.834
20567.834
20770.709
20585.5
20543
20487.041
20212
20010.25
19991.125
19344.166
19150.416
18779.791
18297.209
17555.75
16886.75
15772.792
14423.875
12715.75
10443.042
7860.625
4907.417
2606.583
1247.375
1563.542
2826.917
4771
7090
9104.083
10970.583
12447.208
13357.167
14388.292
15166.333
15839.958
16522.084
16893.375
16840.166
17277.416
17585.459
17639
17761.541
17866.209
18002.041
17924
17995.459
17809.125
17802.25
17824.041
17552.375
17206.334
17152.625
16621.959
16023.333
15434.583
14807.5
13765.333
12494.875
11285.208
10204.042
9464.625
9485.833
10455.292
11805.75
13360.417
14833.042
16123.917
16980.375
17508.084
18541.041
18864.416
19491.5
19383.5
19794.666
19851.625
20264.334
20046.541
20162.709
20403.75
20549.166
20477.75
20622.125
20503.834
20459.125
20579.459
20819.625
20560.25
20838.834
20562.584
20821.166
20713.541
20831.791
20818.75
20744.375
20667.5
20659.625
20692.084
20870.834
20846.541
20733.375
