25641
24308.5
24025.688
23856.688
22580.875
22550.75
22188.875
21838.562
21925.438
21601.125
21413.125
21152.188
20785.438
20298.375
19781.438
19092.375
18051
16873.938
15224.375
13124.875
10484.812
7240.25
3722.625
1433
1148.75
2637.688
5403.25
8144.875
10812.688
12969.375
14789.062
16341.938
17325.062
18023.125
18633
19368.188
19687.438
20421
20368.062
20535.062
20706
20994.125
21028.688
21092
21372.062
21396.938
21379.188
21204.375
21432.812
21462.938
21401.875
20887.438
20847.312
20813.875
20611.625
20381.875
19772.75
19296.312
18992.75
18476.562
18397.062
18793.75
19003.75
19660.938
19984.688
20575.125
21316.875
21653.625
22035.75
22253.5
22453.688
22568.812
22489.438
22948.438
22779.75
22977.75
22835.938
23117.312
22917.625
23217.5
23298.688
23437.938
23007.062
23123.125
23304.375
23336.688
23482.312
23175.438
23195.5
23191.438
23197.625
23357.562
23381.938
23494.688
23188.938
23320
23309.562
23352.25
23407.062
23358.625
23470.25
23358.125
23393
23287
23430.062
