26549.25
25065.188
24620.75
24571.125
23338.375
23095.375
22908.5
22802.312
22520.688
22375.938
21955.938
21483.312
21279.812
20493.25
19825.375
18915.688
17655.062
16207.25
14376.5
11809.938
8754.5
5645
2647.75
1177.062
1754
3649.812
6489.375
9128.25
11595
13739.688
15474.375
16618.125
17755.375
18637.625
19408.812
19873.438
20192.875
20764
20999.188
21103.625
21230.562
21582.5
21535.188
21611.25
21796.438
21807.625
22074.188
21927.75
21750.375
21570.562
21544.625
21303.438
21051.062
20932.625
20510.375
20015.188
19557.812
19119.25
18608.188
18299.5
18198.438
18273.75
18977.312
19833.5
20644.312
21432.25
21990.812
22500.688
22749.688
22891.438
23317.625
23412.125
23518
23831
23914
23872.625
23960.438
24056.25
24227.688
24257.562
24394.25
24336.188
24271.375
24281.438
24256.062
24149.25
24396.938
24220.562
24449.062
24450.188
24570.375
24417.438
24481.625
24657.5
24406.875
24395.562
24312.188
24536.375
24411.125
24652
24406.375
24587.562
24413.562
24445.125
24371.625
