25411.5
24066.438
23914.562
23686.188
22485.438
21900.312
21813.75
21825.062
21302.25
20953.5
20811.25
20397.5
19653.5
19061.812
17318
16906.875
15402.625
13749.5
11369.062
8779.812
5767.375
2913.188
1303.875
1512.875
3103.875
5456.812
7866.125
10354.25
12301.938
13927.312
15252
16363.75
17000.438
17700.5
18458.688
18992.188
19316.188
19668.562
20024.312
19876.125
20155
20445.312
20209.875
20392
20474.938
20313.062
20337.562
20364.625
20262.062
20264.438
19902.938
19479.312
19221
18877.688
18535.812
17949.812
17278.062
16756.75
16313.625
16309.625
16329.375
17151.375
17734.75
18660.062
19555.938
20282.875
20990.438
21368.562
21551.062
21794.562
21949
22437.312
22527.312
22786.125
22910.625
22979.812
23002.75
23261.875
23091.812
23048.188
23060.562
23169.312
23153.188
23288.188
23545.312
23273.938
23297.125
23324.688
23282.188
23383.125
23259
23540.062
23299.688
23258.75
23228.875
23358.125
23398.25
23584.875
23395.75
22056.312
23308
23470.75
23284.75
23353.062
23424.875
