25208.75
22305.125
21952.062
21727.5
20229.25
20085.375
19980.438
19812
19586.312
19375.375
19299.062
19070.062
18856.125
18366.062
17769.25
17125.188
16300.625
15350.688
13931.312
12456.438
10215.875
7604.188
4851.062
2534.312
993.5
1111.188
2710.875
4938
7239.438
9442.438
11134.688
12699.938
13740.438
14645.25
15473.438
16108.5
16540.438
17161.938
17235.875
17647.812
17898.25
18071.875
18117.188
18322.312
18250.812
18462.438
18348
18587.625
18508.875
18370.812
18309.125
17836.875
17877.625
17498.375
17483.438
17043.438
16484.625
15867.562
15207
14857.25
14618.312
14460.5
14688.688
15241.812
15969
16834.188
17532.188
18242.625
18872.125
19409.875
19663.5
20017.688
20167.625
20568.438
20402.562
20485.188
20505.938
20821.188
20821.688
20759.062
21109.438
21008.875
20675.438
20904.562
21102.562
21045.688
21099.562
20972.188
21086.812
21133.625
21375.625
21300.562
21278.812
21065.812
21026.562
21041.625
20930.75
21276.625
21115.812
21089.438
21194.188
21018.125
21163.75
21142
20930.25
