26469.375
24727.375
24348.875
24210.75
22650.438
22377.312
22094.375
22055
21765.938
21377
21129.875
20858.25
20302.875
19776.125
19323.125
18281.812
17089.5
15849.062
14227.75
12060.188
9480.188
6660.562
4046.375
1814.062
968.25
1606.062
3372.938
5603.438
7841.875
9924.188
11849.562
13520.625
14613.062
15811.688
16581.438
17185.625
17892.375
18375.75
18580.688
18958.5
19228
19263.312
19458.812
19544.812
19776.438
19726.688
19949.375
19819.188
19628.375
19449.625
19174.375
18978.375
18632.438
18322.75
17921.375
17237.312
16830
16050.312
15342.312
14590.125
14136.375
14054.5
14735.688
15638.875
16560.375
17726.375
18867.438
19564.625
20311.312
20862.188
21378.812
21864.75
22232.375
22584.5
22686.438
22755.188
22655.188
22637.5
22928.75
23319.062
23488.938
23394.812
23328.062
23351.375
23255.375
23318.188
23551.188
23302.125
23521
23708.125
23781.188
23754.438
23573.438
23521.375
23427.25
23447.625
23615.562
23761
23687.125
23721.688
23714.5
23639.625
23486.562
23402.562
23645.5
