25378.5
23630.688
23662.688
23582.938
22130.812
21749.625
21696.312
21428.688
21241.25
20688.062
20298.562
19855.312
19549
18972.125
17890.438
16834.688
15405.625
13794.688
12119.812
9745.938
6959.188
4411.875
2371
1062.812
1196.125
2612.625
4447.938
6545.062
8745.812
10537.875
12014.625
13318.938
14299.188
15256.125
15937.062
16721.75
17243.75
17687.5
18007.188
18216.438
18370.438
18554
18584.562
18699.938
18842.312
18759.438
18872.125
18648.562
18440.125
18071.688
17898.375
17792.25
17182.5
16707.688
16198.75
15442.062
14773.562
14218.875
13483.25
12765.562
12502.25
12831.75
13775.062
14796.75
16143.062
17215.938
18357.75
19206.75
19694.625
20380.562
20847.688
21355.438
21785.125
22072.312
22138.062
22470.312
22462.188
22352.188
22644
22702.375
22981.875
23095.625
23116.75
22912.062
23011.25
22861.812
22856.25
23134.25
23105
23225
23147.25
23293.375
23252.062
23135.562
23033.125
23031.938
23272.375
23180.312
23294.625
23279.5
23269.062
23187.625
23058.938
23139.688
23191.875
