25055.75
22870
22676.5
22353.5
21125.125
20997.375
20852.375
20977.625
20689.562
20456.938
20212.312
19998.938
19960.312
19630.312
19191.875
18594.875
18272.438
17582.438
17060.125
16001.25
14766.125
13140.25
11357.875
9314.5
6967.875
4633.812
2487.938
1244.375
1085.062
1803.75
3236.625
5158.875
6851.312
8505.438
10162.5
11421.562
12376.688
13596.688
14258.188
14947.5
15274.812
15749.125
16039.062
16445.875
16520.25
16728.125
16818.375
16798.312
16798.062
16890
16821.188
16738.75
16659.188
16203.125
16195.75
15478
15346.062
14911.938
14358.812
13515.938
12597.625
11832.812
11060.938
10553.062
10098.312
10082.938
10681
11722.75
13145.625
14630.5
15686.062
16768.375
17838.062
18528.125
19067.625
19291.25
19969.938
20346.688
20336.375
20689.375
21014
21052.938
21124.562
21387.125
21237.125
21358.812
21368.5
21496.875
21555.875
21731.688
21737.125
21951.812
21765.125
21907.25
21752.375
21712.125
21695.812
22029.125
21847.188
21769.625
21816.812
21747.688
21783
21742.938
21670.875
