24003.375
22295.625
22169.812
22097.188
20789.188
20754.5
20851.062
20540.188
20398.5
20035.438
19938
19799.062
19512.562
19145.312
18801.312
18172.062
17795.875
16950.812
16488.188
15228.125
14081.75
12651.25
10601.812
8775.625
6154.312
4175.188
2278.75
1340.688
1134.875
1697.375
3008.562
4399.312
6315.125
7776.938
9219.438
10427.75
11472.75
12656.688
13203.625
13860.75
14371.625
14683.562
14983
15274.25
15708.562
15729.062
16076.875
16044.875
15974.938
15812.188
15830.875
15759.312
15495
15244.688
14996.938
14508
14274.812
13832.375
12966.375
12207.562
11159.5
10352.438
9588.25
8928.562
8613.312
8579.25
9388.25
10241.625
11699.625
13129.062
14321.625
15523.125
16690.062
17687.812
18425.25
18856.688
19411
19491.688
19844.25
20095.062
20353.125
20803.562
20939.188
20843.75
20854
20858.75
21012.812
20953.875
21213.312
21268.188
21430.312
21422.125
21550.188
21510.188
21210.25
21303.812
21460.438
21438.875
21563.875
21379.5
21420.938
21312.625
21293.75
21261.312
21450.938
