23956.953
21105.334
20597.666
20724.334
19476.809
18928.143
18690.762
18556.381
18109.191
17659.572
17244.334
16647.666
15681.952
14600.381
13689.952
11992.952
10248.762
7949.048
5587.143
3311.476
1646.857
1097.429
1575.714
2434.143
4444.286
6098.619
7884.524
9640.762
11050.286
12250.096
13160.333
13972.238
14464.904
15157.904
15753.81
16069.333
16341
16691.143
16751.857
17265.381
17409.285
17639.096
17669.619
17609.143
18123.619
18059.191
17977.143
18297.334
18294.143
18664
18120.904
18459
18648.428
18525.381
18949.619
18697
18894.762
18891.953
19203.143
18940.285
19200.523
19355.572
19344
19413.428
19529.047
19504.523
19713.191
19734
19715.572
19808.715
20258.143
19900.953
20017.191
19969.047
20256.477
19809.762
20158.666
19951.953
20333.047
20043.143
20291.666
19992.904
20245.238
20367.572
20217.572
20524.572
20561.047
20347.191
20197.238
20412.477
20431.143
20209.047
20302
20394.572
20190.143
20498.666
20253.715
20359.715
20579.285
20340.666
20405.523
20275.953
20557.572
20518.191
20352.428
