20303.096
18322.334
17981.334
17860.953
16382.381
16071.81
15582.286
15335.667
14830.904
14466.81
13725.523
12835.667
11973.952
10840.571
9558.143
7989.19
6068.286
4057.572
2933.476
1487.476
1181.429
1486.476
2256.381
3317.095
5130.143
6291.381
7310.952
8582.286
9806.762
10669.904
11352
11744.619
12338.477
12780.477
13097.523
13581.762
13817.857
13988
14238.857
14361.19
14749.904
14685.048
15219
14892.238
15107.477
15165.762
15378.048
15193.286
15426.952
15378.857
15513.857
15596.096
15823.381
15809.714
15863.523
16021.952
16267.857
16361.096
16365.048
16479
16404.762
16372.952
16705.477
17000.857
16803.096
16640.047
17364.477
17074.904
17251.285
17238.762
17382.285
17211.096
17497.428
17444.666
17476.904
17362.666
17638.857
17635.334
17559.143
17444.857
17828.762
17866.334
17970.285
17686.285
17852.047
17850.619
17959.904
17831.285
17822.904
17982.762
17861.762
18041.096
18084.619
18025.428
17912.191
17911.047
17724.904
17774.953
18060.857
18067.762
18022.238
18048.143
17758.666
17998.191
18078.715
