24391.191
21516.477
21006.381
21284.809
19590.953
19449.715
18923.238
18760.715
18219.285
18285.809
17308.334
17198.666
16338.81
15464.714
14559.143
13604.857
12444.952
10470
8760.762
7228.619
5218.81
2988.095
1557.524
933
1422.19
2021.381
2752.428
3910.572
5785.238
6405.238
8418.333
9273.333
10530.286
11620.81
12465.381
13133.048
13498.19
13604.096
13839.571
14514.619
15108.381
15541.19
15641.714
15613.857
16312.429
16518.428
16777.096
16771.715
16506.809
17001.619
17245.904
16767.762
17416.762
17864.619
17699.666
17049.381
16946.715
18134.428
18008
17488.762
17868.619
17911.143
18040.096
18516.762
18541.715
18513.143
18979.715
19030.715
19504.428
18792.191
19186.762
19349.809
20109.904
19707.572
19869.143
19513.285
20310.857
20589.381
19814.715
19872.238
20459.809
19441
19759.666
20157.428
19491.096
20702.334
19929.809
20329.191
19941.715
20489.238
20328.191
20138.953
21000.904
21240.143
20922.572
21092.191
20902.715
20912.238
20680.191
21244.953
20446.096
20773.619
21247.523
21040.762
19940.285
