24437.047
21687.381
21560.523
21402.428
19608.238
18725.428
18710.238
18301.143
17775.523
17264.809
16667.477
15623.857
14949.381
13905.096
12772.857
11244.667
9792.143
8107.286
6376.143
4561.714
2966.524
1752.524
1106.81
1075.667
1419.762
2274.428
3215.19
4496.429
5875.238
6750.619
7961.095
9360.381
10302.619
11010.762
11655.096
12230.429
12717.048
13290.381
13716.048
13981.571
14395.714
14611.714
15098.381
15355
15625.762
15511.904
16070
15987.333
16260.667
16358.143
16544.143
16514
16724
16823.572
16886.428
17157.857
17139.666
17753.096
17511.523
17742.523
17867.762
17757.477
18102.762
18449.477
18653.191
18868.143
19062.334
18924.857
19321.381
19293.047
19665.428
19568.809
19794.285
19839.904
19757.285
20156.047
20315.953
20481.953
20150.762
20554.572
20833.047
20920.191
20741.477
20954.428
20606.334
20777.381
21252.428
21025.904
21087.666
21126.953
21016.953
20959.143
21065.762
20928.334
20998.523
21330.762
21310.953
21182.572
21009.619
21255.904
20938
21447.715
21322.715
21351.096
21177.381
