22507.238
20421.285
20158.904
20212.572
17598.809
16985.143
16514.572
15692.333
15206.667
14545.333
13562.523
12782.381
11411.667
9909.381
8678.238
7126.905
5562.238
4183.286
2638.905
1857.381
1177.476
1270.714
1387
2023.857
2676.333
3690.572
4590.857
5519.429
6680.619
7262.762
8325.619
9224.571
9790.762
10271.762
10644.477
11465.048
12051.904
12323.667
12642.381
12660.238
12758
13496.762
13278.762
13599
13974.429
13948.19
14190.096
14561.857
14900.523
14707.952
14918.523
14922
15181.429
15136.904
15450.81
15420.762
15542.952
16022.19
16181.952
16259.762
16364.619
16722.619
16955.953
17384.381
17291.428
17061.191
17749.619
17580.143
18196.477
17783.477
18029.143
18110.285
18719.857
18757
19129.572
18756.477
18893.857
19096.477
18885.857
19082.477
19196.047
19253.238
19492
19592.953
19472.715
19970.238
19654.096
19827.047
19502.143
19791.334
19735.857
19878.238
19919.762
19942
20080.523
20058.477
20068.143
20311.666
19926.619
20120.191
19613.238
20207.523
20010.428
19838.477
19800.666
