22549.809
19413.857
19185.238
19383.047
17949.285
17787.428
17593.762
17231.334
16990.285
16472.904
16598.572
16455.953
15707.81
15335.762
14766.81
14452.619
13612.762
12806.619
11841.571
10904.619
9533.096
8220.857
6989.905
5437.667
3943.714
2774.286
1700.19
1305.095
965.524
931.857
1331.429
2160.857
2948.333
4049.333
4647.238
5690.333
6697.571
7409.333
8152.048
8774.857
9315.81
9841.619
10713.096
11072.523
11369.81
11567.857
11593.523
12325.762
12316.143
12601.857
12817.143
12855.238
13249.286
12926.619
13097.238
13727.238
13689.904
13904.762
14135.857
14044.904
14104.667
14151.333
14347.143
14760.857
14389.096
14937.143
14653.477
15140.857
15466.523
15788.762
15816.143
16004.19
15977.333
16373.286
16545.857
16671.096
16764.619
17177.953
17210.809
17318.762
17517.047
17739.477
17530.143
17440.809
17667.523
17888
18278.809
18352.096
17933.666
18057.047
18258.523
18355
18374.428
18188.285
18713.762
18629.762
18612.334
18509
18376.191
18726.191
18847.572
18713.143
18811.619
18503.096
18536.047
