20927.904
18370.666
18059.904
18146.857
16667.047
16495.096
15923.619
15817.714
15586.571
15052.143
14690.048
14476
13861.619
13359.238
12535.571
12143.286
11164.286
10013.477
9112.667
7623.095
6473.238
5189.095
3814.048
3137.143
2152.857
1580.667
1255.714
819.238
1430.81
1218.286
2057.286
2951.714
3564.619
4247.143
4664.857
5504
6466.476
7034.429
7494.952
7998.857
8180.19
8719.619
9112.429
9439.714
9988.381
10103.857
10413
10501.952
10973.619
10808.81
10946.714
10926.238
11604.857
11510.096
11811.762
11862.333
12087.143
12065.523
12147.667
12396.762
12326.904
12487.381
12938.81
13319.714
13478.667
13133.477
13478.477
13758.096
14164.477
14203.667
14338.904
14662.333
14617.238
14721.571
15210.477
15813.904
15730.286
15725.762
15680
16011.333
16435.477
16526.666
16622.381
16294.143
16427.143
16734.666
17233.143
17118.857
17093.523
16960.619
17215.047
17124.285
17146.428
17639.428
17598.238
17487.428
17575.857
17324.762
17350.428
17385.143
17515
17572.904
18039.619
17902.572
17626.428
