20470.191
18745.477
19088.809
18459.191
16593.285
15826.523
16009.381
15605.857
15128.619
14613.143
14456.762
14034.143
13122.904
12421.619
11672.81
10722.667
9781.667
8945.381
7628
6515.333
5807.095
4281.571
3253.952
2468.667
1790.762
1193.857
1159.048
1145.571
1212.095
1755.857
1996.952
2564.19
3213.619
3899.095
4749.619
5190.571
5831.905
6527.905
6842.048
7343.429
7625
8190.905
8709.238
9032.429
9020.571
9341.523
9855.857
9984.333
10234.333
10494.381
10153.762
10469.238
11024.143
11085.096
11054.81
11146.762
11279.523
11638.81
11780.333
11766.096
11749.571
11830.904
12371.857
12471.81
12869.381
13031.143
13093.048
13492.571
13634.19
13872.857
14153.19
14249.857
14497
14885.477
15183.143
15589.523
15718.477
15775.81
15828.714
16227.381
16550.381
16399.715
16498.143
16583.334
16992.047
16828.523
17386.953
17139
17361.809
17264.666
17457.857
17555
17544.047
17958.572
17833.809
17982.523
17623.857
17789.762
17783.953
17871.096
17969.953
18267.096
18240.666
18094.334
18034.619
