19896.8184
20580.5449
19341.7734
19423.3184
18633.3418
18283.2734
17873.4551
17515.7051
16991.4766
16758.1582
16279
15916.2275
15568.2275
15177
14920.0225
14516.1367
14140.3184
13977.5459
13460.4316
13290.7959
12909.3184
12677.1133
12388
12086.25
11896.6816
11600.0684
11304.0908
11086.3867
10767.0908
10657.5
10313.2959
10161.8184
9923.6592
9673.1816
9460.7725
9267.25
9074.9316
8850.4541
8656.3408
8489.3184
8222.0684
8138.1138
7926.1816
7777.8862
7580.7271
7421.2729
7289.6138
7051.1138
6967.7954
6787.6362
