18583.541
16704.162
16472.621
16480.379
16463.973
16378.838
16369.514
16325.757
16085.729
16001.757
16274.567
16235.135
16119.676
15992.081
15998.352
16246.757
15934.433
15878.459
15798.784
15659.541
15479.405
15180.378
14719.216
14725.919
14063.676
13297.162
12416.324
11155.378
9229.676
6781.784
4367.405
3518.243
3933.568
5372
7196.865
8989.378
10584.703
11874.486
13011.919
13609.162
14239.919
14594.162
15010.297
15305.784
15412.378
15441.973
15727.243
15566.162
15896.216
15922.784
15766.189
15920.378
16118.324
16035.703
15888.135
16012.514
16029.729
15959.865
15924.946
16099.027
16127.216
16028.676
16006.892
16143.378
16089.108
15935.027
16026.054
16014.676
16018.784
16167.729
16034.622
16039.946
15920.784
16140.162
16113.541
16143.919
15990.865
16047.676
15992.297
16196.676
16267.865
16285.433
16150.108
16157.973
16378.108
15988.648
16075.676
16334.324
16208.054
16254.378
16066.135
16232.541
16303.892
16267.324
16290.162
16274.811
16132.757
16197.405
16231.595
16194.892
16218.378
16058
16138.973
16227.676
16016.838
