23295.379
21091.27
21119.432
21078.352
20541.486
20233.838
20412.703
20260.055
19878.756
20030.135
19892
19819.893
19728.324
19460.756
19178.973
19084.055
18637.189
18053.73
17269.082
16479.459
15242.567
13694.297
11268.027
8524.946
5434.973
3130.865
2841.135
4705.541
7726.297
10621.784
12981.054
14880.243
15977.865
17082.568
17576.297
18129.621
18457.811
18593.244
19131.621
19074.055
19346.621
19408.135
19510.027
19436.189
19604.135
19745.135
19678.783
19688.055
19849.973
19852.27
19870.189
19908.107
19909.568
20021.189
19948.568
19892.217
19911.217
19816.082
20187.568
20100.541
20132.324
20195.189
20323.027
20172.621
20292.756
20172.217
20198.838
20308.082
20489.082
20400.918
20575.918
20432.621
20710.189
20614.893
20770.594
20773.162
20701.973
21039.865
20794.838
20961.189
20835.135
20951.432
20858.514
20859.162
21007.756
20978.648
21109.135
20890.918
20937.432
20898.676
20821.027
20859.162
20918.189
20904.055
20860.648
20831.055
20809
20810.811
20790.324
20765.135
20780.135
20974.486
20609.648
20716.973
20579.756
