25155.676
22503.352
22133.379
22473.107
21852.893
21833.945
21618.865
21453.107
21471.217
21471.514
21421.783
21142.568
20999.865
20963.297
20719.244
20455.756
20339.189
19812.217
19534.027
18896.756
18162.27
17094.055
15645.352
13373.405
10326.243
6720.757
3420.406
1957.973
3484.027
7022.703
10434.784
13536.243
15409.459
16966.135
17818.297
18684.945
19255.918
19764.244
19933.756
20260.486
20397.514
20598
20708.648
20692.703
20745.107
21010.459
20988.621
20924.811
21237.568
21155.783
21113.893
21121.324
21291.297
21293.217
21396
21402.568
21477.352
21321.107
21464.135
21601.73
21514.162
21442.244
21478.107
21554.406
21571.621
21832.324
21764.027
21657.918
21666.73
21804.27
21817.055
21915.621
21982
21978.135
22099.756
21954.406
22145.756
21881.297
22224.918
22241.756
22274.107
22224.756
22149.514
22084.217
22344.406
22057.486
22165.756
22138.594
22212.244
22095
22342.189
22138.676
22000.379
22008.514
22313
22220.406
22177.189
22143.082
22202.945
22110.945
21974.107
22043.783
22115.893
22131.811
21890.945
