18957.756
16549.973
16520
16682.756
16485.676
16524.107
16174.973
16506.189
16173.189
16283.081
16353.189
15998.486
16263.919
16192
16324.729
16219.838
16256.865
15819.243
15833.919
15796.784
16014.271
15437.459
15405.459
15069.216
14773.811
14321.189
13821.135
12816.433
11659.378
10012.486
7324.567
5421.271
4189.946
4438.243
5644.135
7086.622
8797.352
10594.567
12040.865
13166.729
13736
14378.973
14839.216
15005.162
15445.946
15782.054
15857.271
15895.405
16059.297
15944.622
16056.838
16037.054
16058.027
15936.729
16081.189
15964.729
16314.514
15980.595
16132.135
16229.514
16060
16194.324
16102.541
15942.541
16057.162
16137.676
16093.433
16189.729
16241.243
16028.352
15957.676
16168.757
16398
16119.703
15955.811
16353.514
16155.486
16349.567
16430.918
16392.082
15980.757
16271.541
16596.621
16356.514
16151
16278.189
16305
16473.135
16358.514
16467.648
16420.648
16393.945
16303.784
16582.541
16398.217
16384.189
16350.271
16456.217
16640.918
16353.027
16547.945
16454.055
16385.297
16541.621
16565.568
