26435.082
23335.082
23134.027
23030.082
22978.486
22919.027
22713.811
23031.135
22725.918
22766.027
22860.918
22722.244
22548.217
22415.756
22422.648
22591.027
22253.811
22302.162
22216.27
22007.514
22054.162
21532.486
21516.324
21124.811
20791.918
20464.244
19935.244
19228.648
18196.918
16379.757
14239.865
11135.352
7534.757
4512.162
3368
4893.486
7779
11127.054
13773.405
15900.108
17511.027
18790.865
19743.244
20154.73
20585.055
21114.893
21289.135
21365.811
21565.379
21711.162
21807.055
21962.893
22105.703
22012.244
22114.893
22082.783
22301.514
22275.514
22288.945
22457.703
22243.73
22269.352
22435.594
22571.811
22331.621
22512.244
22578.648
22531.918
22451.514
22639.621
22392.756
22734.594
22882.406
22677.27
22682.918
22706.918
22860.514
22606.73
22713.756
22870.594
22926.379
22819.027
22737.945
22713.568
22954.162
22798.297
22803.756
22850.486
22818.945
22800.594
22840.324
22925.541
22854.055
22897.027
22639.082
22787.811
22793.838
22695.756
22844.107
22625.055
22648.893
22657.486
22752.594
22676.783
22738.541
