23806.432
22209.756
22260.297
22077.648
21741.568
21706.918
21509.621
21394.676
21186.082
21143.189
21286.838
21108.865
20861.107
20465.945
20047.648
20064.486
19679.297
18844.135
18472.027
17335.459
16307.567
14614.081
12182.054
9280.216
5395.405
2239.27
1330.27
3511.541
7139.703
10435.135
13134.189
15038.919
16419.055
17390.918
18176.568
18822.27
19328.107
19621.162
19687.621
19858.352
19896.918
20209.514
20258.838
20299.838
20222.568
20445.135
20434.676
20615.352
20760.217
20741.945
20481.352
20400.73
20686.486
20740.135
20502.811
20661.73
20544.838
20985.783
20997.648
20965.865
20768.73
20900.621
21100.811
21177.945
21131.621
21152.568
21238.432
21275.676
21529.73
21705.945
21717.352
21581.676
21715.541
21667.055
21851.676
22142.082
22205.244
21879.945
22367.244
22170.594
22260.648
22179.945
22102.324
22135.379
22363.541
22439.621
22287.648
22324.135
22039.135
22336.217
22249.082
22430.568
22399.73
21953.082
22254.217
22235.107
22092.379
21930.189
21883.406
22107.73
22241.648
22195.973
21828.73
21909.082
21715.244
