22887.162
20136.432
20141.73
20112.486
19656.055
19658.162
19557.811
19507.082
19499
19203
19190.27
19317.648
18866.135
19023.703
18630.406
18423.352
18263.027
17902.027
17204.811
16584.838
15849.459
14867.324
13172.162
11061.757
7931.027
4411.567
1680.676
1416.757
3885.027
7371.595
10215.486
12494.108
14147.189
15419.054
16257.541
16952.379
17389.893
17581.297
17928.406
18060.107
18254.162
18371.082
18642.865
18549.541
18571.568
18670.027
18744.459
18772.459
18821.135
18962.783
18896.893
18947.811
19075.568
19062.486
19102.432
18993.648
19034.893
19195.811
19109.162
19282.945
19385.945
19313.055
19394.676
19440.082
19385.379
19261.027
19497.703
19450.811
19500.217
19577.459
19686.27
19649.027
19781.541
19782.568
19936.811
20057.893
19916.783
19946.783
19985.918
19927.027
20230.514
20051.811
19963.73
20125.703
20110.459
20064.783
20129.027
20157.082
19923.918
20073.324
19910.082
20018.459
19903.352
19990.594
19952.486
20009.865
19960.783
19902.027
19760.055
19933.217
19789.783
19889.73
19891.162
19683.918
19790.082
