22821.639
20725.111
20263.334
20283.945
19318.834
19357.584
19137.25
19311.305
19182.916
19102.584
18799.166
18816.389
18526.25
18282.555
18356.945
17809.111
17558.223
17079.166
16568.473
15779.806
14761.973
13485.277
11678.806
9196.944
6540.417
3888.139
1844
1267.889
1973.25
4164.472
6596.639
8688.333
10528.194
12005.444
13146.583
14115.139
14617.25
15519.667
15817.056
16267.973
16576.695
17242.473
17130.25
17000.445
17351.166
17479.277
17635
17618.861
17751
17478.473
17580.277
17497.084
17352.084
17196.111
17470.334
17311.584
16888.473
16456.195
16379.777
16213.527
16058.139
15947.777
15657
15760.167
15676.611
15855.167
16136.139
16814.139
17344.111
17498.527
17622.139
17918.75
18241.945
18550.723
18852.973
19240.723
19256.695
18931.916
19063.777
19281.277
19390.055
19277.527
19635.305
19387.973
19245.223
19396.666
19040.195
19310.777
19801.334
19801.639
19599.305
19878.277
19629.416
19465.389
19775.195
19668.473
19608.695
19943.584
19458.166
19529.084
19844.527
19897.277
19880.973
19999.223
19876.666
