22120.916
19535.445
19298.527
19394.834
18404.084
18218.027
18323.334
18038.416
17812.361
17689.111
17575.973
16903.055
16854.416
16390.916
16102.889
15585.5
14738.5
13989.056
12911.723
11526.667
9948.75
8169.778
6329.028
4451.972
2570.333
1419.333
1162.861
1411.361
2265.389
3558.972
4855.556
6356.917
7576.944
8503.973
9611.889
10427.111
11233.527
11868.277
12541.056
12734.917
12900.889
13182.027
13326.806
13773.667
13390.417
13712.223
13956.444
13836.444
13945.194
13579.389
13611.667
13443.777
13037.056
12983.611
12547.527
12366.223
11933.889
11513.277
11015.639
10617.944
10317.473
10028.389
9974.444
10214.833
10358.111
10841.556
11765.5
12199.889
13152.139
14139.473
14882.723
15267.25
16307.056
16538.111
16890.277
17334.611
17453.916
17632.027
17673.361
18179.666
18136.75
18440
18433.445
18607.277
18927.889
18705.139
18729.695
18674.861
18956.027
18603.361
18644.611
18761
18731.305
18830.389
19184.723
19085.639
19003.389
19199.223
19250.361
18891.473
19008.805
19097.666
18702.195
19020.445
18908.416
