20427.809
17854.154
17915.73
17945.885
17101.23
16921.5
16838.77
16524.77
16497.576
16352.23
16140.885
15895.154
15387.308
15177
14645.423
13993.615
13235.615
11919.77
10315.385
7894.154
5260.654
2528.039
1064.115
1459.731
3285.539
5941.808
8257.038
10152.385
11507.115
12455.654
13408.885
14064.654
14527.077
14983.538
15203.23
15478.5
15661.923
15785.077
15928.77
16089.192
16091.23
16327.23
16178.346
16328.77
16269.423
16293.154
16252.154
16331.077
16328.5
16331.077
16078.077
16028.308
16030.423
15795.615
15733.962
15152.538
14717.692
14177.308
13537.577
13043.923
13334.346
14133.23
14847.27
15528.346
15945.615
16307.923
16731.846
16908.846
17087.924
17378.846
17285.576
17331.424
17419.885
17456.961
17389.615
17656.654
17504.809
17368.076
17349.461
17339.191
17656.115
17684.846
17460.385
17546.615
17649.191
17419.576
17426.654
17661.23
17514.115
17460.654
17294.615
17339
17507.73
17643.846
17518.309
17453.424
17434.73
17472.691
17643.5
17591.27
17740.615
17465.654
17588.461
17676
17562.539
