18192.115
15988.577
15979.423
16120.77
15184.346
14872.154
15082.23
14958.308
14874.962
14387.885
14212.692
14218.27
13827.577
13535.308
13018.462
12431.538
11561.654
10342.192
8877.923
6782.385
4518.923
2235
1006.692
1597
3474.039
5511.039
7552.115
9193.654
10276
11231.077
12129.885
12892.923
13057.808
13340.654
13513.308
13497.615
13971.654
14130.346
14250.923
14321.692
14217.077
14313.846
14370.962
14685.346
14519.115
14385.038
14470.962
14380.23
14387.962
14484.923
14324.962
14217.462
14016.5
13859.5
13441.577
13064.923
12558.038
11888.808
11424.615
11036.077
11167.846
11992.154
12679.885
13700.846
14174.5
14581.077
14685.308
14853.27
15166.923
15287.615
15499.5
15385.23
15222.962
15461.154
15348.654
15551.846
15465.808
15788.154
15447.615
15354.538
15442.808
15630.462
15765.577
15570.846
15629.808
15345.923
15489.73
15502.923
15581.462
15541.923
15598.692
15577.692
15435.27
15692.423
15620.73
15719.846
15551.654
15428.423
15457.692
15842.885
15750.885
15547.615
15452.846
15799.808
15545.192
