20203.691
18374.77
18216.809
18034.615
17376
17240.346
17243.461
16768.27
16825.615
16767.039
16310.808
16091.308
15628.5
15438.23
14691.77
14267.962
13427.192
12427.538
11034.615
9140.346
6912.423
4329.115
2021.654
957
1206.269
2764.615
4965.692
6928.577
8773.538
10325.615
11379.808
12321.846
12882.73
13391.27
13867.538
14279.23
14720.115
14927.346
15093.346
15070.538
15334.308
15369
15564.154
15375.462
15791.385
15469.538
15486.692
15661.808
15573.308
15843.385
15251.615
15140.962
14959.846
14555.27
14057.692
13441.385
12678.077
11731.038
10748.308
9714.692
9107.115
9690.73
10507.385
11857
13249
14361.615
15076.923
15846.038
16242.577
16562.77
17033.5
16935.654
17140.885
17172.346
17451.191
17513.809
17349.154
17417.885
17483.461
17583.654
17608.346
17542.039
17579.191
17694.924
17689
17429.191
17650.23
17625.885
17767.076
17516.846
17479
17538.691
17592.309
17802.424
17660.191
17709.809
17885.77
17700.191
17700.346
17754.309
17993.23
17933.809
17916.461
17784.615
17963.309
