25426.781
22487.969
22420
22564
22106.406
22105.094
21799.125
21994.406
21734.844
21769.688
21671.781
21762.406
21738.094
21555.625
21378.531
21477.312
21234.719
21258.875
21026.875
20838.594
20521.5
20386.562
20293.562
20053.688
19535.344
19362.031
19160.5
18505.781
18097.438
17488.781
16817.781
16361.75
15466.875
14710.875
13832.375
12512.125
11759.188
10601.562
9204.938
7905.875
6804.188
5360.375
4265.781
3394.875
2662.656
2217
1963.844
1875.281
1870
2250.219
2988.469
3438.75
3965.781
4726.719
5633.219
6348.062
6896.469
7393.312
8184.281
8762.906
9081.312
9479.531
9850.75
10222.219
10395.75
10439.781
10790.406
10707.5
10754.281
10603.562
10385.219
10325.281
10368.625
10167.875
10268.938
10607.656
10738.562
11194.062
11787.688
12535.344
13318.625
13855.25
14593.375
15287.656
15739.5
16404.906
16839.656
17246.156
17467.25
17854.562
18263.562
18388.781
18632.531
19262.938
19463.062
19644.188
19831.312
20009.188
20038.781
20255.719
20578.969
20693.906
20885.156
21047.344
21018.906
