27915.875
25776.531
25847.562
25625.812
24833.031
24863.75
24774.656
24527.812
24576.219
24773.812
24422.031
24351.406
24361.375
24472.938
23908.656
23971.406
23660.938
23532.219
23301.781
23227.5
22934.75
22721.438
22582.375
22024.062
21969.094
21429.656
21230.562
20861.812
20142.812
19603.531
18853.562
18145.406
17437.219
16483.031
15495.562
14414.531
13107.469
12023.156
10687.625
9255.406
7889.656
6706.281
5389.469
4288.656
3420.688
2472.781
2094.062
1841.844
1839.375
1930.938
2139.156
2491.188
3368.312
3942.812
4483.75
5134.406
5979.969
6501.844
7250.531
7692.406
8368.719
8849.281
9255.156
9825.469
9936.781
10238.125
10459.969
10504.406
10745.281
10675.219
10421.656
10367.719
10222.656
10210.781
10092.875
9990.219
10199.594
10422.062
11282
11596.219
12436.406
13276.875
14280.688
14980.219
15620.344
16090.188
17080.969
17529.312
18044.406
18483.531
19001.281
19365.969
19958.688
20181.469
20720
21040.625
21462.344
21655.969
22200.594
22338.094
22641.75
23001.906
22909.219
23188.625
23411.469
