26632.469
24528.906
24336.594
24500.312
23450.25
22953.406
23132.281
23153.094
22847
22783.344
22674.031
22800.031
22599.969
22403.875
22532.312
22138.594
21884.25
21594.594
21676.719
21233.656
21203.438
21161.156
20515.562
20242.875
19583.719
19358.031
18945.625
18266.531
17663.812
17003.625
16127.344
15260.031
14437.25
13613.156
12468.781
11396.125
10108.031
8958.125
7770.656
6394.906
5432.906
4176.062
3473
2721.531
2142.969
1952.906
1610.812
1698.5
1886.125
2395.438
2551.312
3135.375
3652.344
4289.625
4922.688
5501.062
5981.812
6406.281
7232.875
7482.812
8016.438
8350
8495.375
8916.344
9096.719
9028.844
9236.562
9185.344
9196.469
8971.031
8831.094
8843.625
8757.906
8528
8671
9086.75
9501.688
9975.062
10672.75
11431.188
12190.312
12741.562
13640.812
14047.906
14578.719
15248.594
15632.188
16266.594
16760.938
17423.125
17620.469
18219.375
18640.75
18964.875
19316.594
19770.406
20142.938
20263.656
20658.906
21093.375
21208.875
21401.781
21731.562
21703.844
21844.906
