27029.531
24051.281
24022.719
23880.5
22831.406
22900.062
22544.719
22477.406
22368.094
22394.625
22113.094
21805.031
21888.312
21639.375
21362.25
21342.312
21289.75
20823.156
20435.25
20217.281
19562.281
19120
18921.125
18424.156
17505.656
17230.094
16365.656
15649.562
14670.562
13966.469
13243.219
11961.344
10863.031
9659.688
8560.719
7685.906
6329.5
5438.375
4427.688
3722.469
2974.531
2307.125
2012.938
2041.094
1806.156
1984.781
1935.844
2234.312
2480.562
2809.031
3331.062
3636.469
4038.406
4622.938
5085.219
5555.281
5852.062
6409.344
6670.844
7080.781
7270.219
7240.781
7442.406
7600.656
7859.312
7676.344
7867.219
7501.344
7427.406
7447.031
7168.188
7168.656
7353.094
7711.594
7871.719
8566.781
9328.062
9783.781
10779.188
11392.188
12230.531
12942.25
13558.375
14417.562
14952.5
15356.312
15839.844
16502.094
16889.062
17525.469
17632.969
18267.75
18333.969
18940
19265.25
19444.688
19796.25
20295.844
20240.875
20615.719
20775.969
20899.969
21277.312
21308.5
21337.531
