26233.469
23652.125
23466.719
23406.094
22524.781
22448.906
22183.062
21811.469
21628.688
21612.938
21511.375
21370.281
21112.312
20997.781
20666.219
20502.344
20086.906
20113.781
19994.406
19372.031
18960.625
18487.531
18002.125
17506.375
17118.281
16346.219
15494.906
14683.906
14227.312
13152.406
12218.094
11113
10271.875
9070.562
8012.031
7002.531
6115.406
5081.219
4201.469
3461.719
2581.938
2441.812
2217.688
1892.438
1612.281
1603.094
1617.469
1707.312
2122.312
2179.844
2411.094
2765
3352.125
3793.219
3974.719
4575.625
4830.125
5097.344
5523.406
5833.219
5973.375
6288.031
6353.312
6469.812
6396.719
6358.156
6336.594
6610.125
6464.969
6382.438
5985.125
5955.75
6095.188
6210.969
6441.125
6776.906
7465.469
8164.312
8982.906
9635.656
10345.094
11042.312
11533.719
12141.656
13015.438
13527.188
14178.531
14653.875
15214.938
15742.531
16108.281
16614.969
17213.688
17460.875
17829
18309.5
18552.906
19004.812
19308.969
19514.875
19812.375
20126.719
20244.312
20400.969
20710.406
