25431.875
22866.688
22758.844
22724
21608.219
21249.375
21344.062
21160.312
21123.719
21034.781
21037.625
20627.688
20375.125
20153.344
19798.812
19913.969
19366.844
19299.406
18876.562
18422.625
18344.156
17769
17368.094
16828.219
16260.312
15532.594
14891.906
14112.844
13471.156
12581.094
11774.719
10905.938
9874.438
8524.906
7950.656
7029.469
6110.062
5096.281
4211.594
3719.719
3152.219
2491.469
2266.906
2014.312
1863.906
1567.656
1662.156
1709.25
2030
1945.094
2588.5
2527.188
2794.75
3249.25
3562.969
3762.906
4158.344
4573.031
4672.094
5041.031
5338.969
5357.375
5663.969
5698.656
5805.375
5741.906
6127.594
5790.125
5562
5549.875
5562.281
5382.688
5484.281
5457.188
5486.25
5925.312
6296.5
6708.469
7830.281
7989.938
8836.094
9623.688
10013.938
10491.688
11416.094
11759.625
12320.344
13009.156
13559.406
14121.062
14555.844
14978.531
15518.375
15915.188
16332.625
16850
17136.938
17418.062
18083.406
17953.156
18267.625
18834.688
19177.281
19572.031
19480.219
