22058.188
19659.719
19497.406
19386.75
18529.188
18157.406
18293.125
18176.781
17701.562
17911.906
17589.938
17614.031
17339.281
17276.094
17042.25
16815.219
16649.219
16258.406
16005.438
15907.719
15662.188
15250.719
14754.875
14450.188
14113.906
13540.188
13169.406
12549.688
11718.344
11193.875
10634.625
9901.562
9051.375
8604.938
7599.625
6816.938
6216.562
5348.812
4408.156
4216.281
3458.406
2965.969
2663.969
2122.688
1817.188
1744.438
1517.688
1426.906
1322.406
1282.406
1240.094
1527.562
1686.562
1933.75
2026.625
2341.781
2411.188
2794.156
2871.062
2947.688
3362.031
3525.406
3574.438
3814.469
3831.031
4042.469
4193.406
4237.062
4147.969
4195.562
4141.75
4109.531
3957.406
3925.812
3778.062
4062.531
4027.031
4270.375
4499.406
4940.031
5220.125
6063
6353.875
6872.531
7652.219
7968.406
8725.344
9147.531
9660.906
10268.375
10531.125
10973.844
11273.656
11815.062
12189.656
12665.156
13124.562
13660.406
13938.375
14313.719
14344.375
14811.844
15111.781
15341.062
15534.281
