22886.094
20555.906
20493.5
20697
19127.781
18838.812
18735.969
18594.188
18575.906
18346.25
18149.375
18151.781
17870.344
17890.969
17583.344
17493.688
17340.438
17094.938
16712.5
16262.562
16105.531
15800.688
15607.344
15118.938
14564.531
14305.031
13790.656
13147.938
12723.125
11980.719
11575
10745.562
10114.656
9239.312
8611.375
7860.969
7165.438
6197.594
5796.875
4883.781
4279.406
3806.312
3361
2708.312
2405.562
2069.25
1755
1910.25
1557.125
1452.656
1429.25
1464.281
1174.531
1629.656
1696.375
1960.938
1925.031
2208.781
2377.438
2584.719
2781.188
2984.281
3095.094
3330.125
3468.906
3496.219
3672.969
3867.812
3795.469
3995
3823
3902.281
3803.875
3982.969
3671.344
3685.094
3690.469
3727.219
3825.156
3971.906
4369.594
4399.531
4748.5
5395.312
5773.312
6223.469
6942.156
7665.25
7960.969
8426.719
8949
9587.906
9798.594
10574.25
10880.906
11232.75
11867.188
12287.594
12795.5
13047.906
13637.406
13973.406
14148.438
14469.781
14963.031
