20554.531
18845.375
18708.594
18831.688
17254.438
17261.25
17008.125
16868.281
16462.562
16406.125
16368.719
16136.5
15886
15789.75
15683.906
15610.5
14866.156
14737.344
14717.562
14228.375
13984.062
13536.844
12992.969
12943.156
12439.375
12087.656
11376.875
10882.156
10314.031
9725.344
9228.344
8564.344
7688.344
7335.469
6550.469
5987.906
5400.312
4786.531
4200.688
3771.844
3330.438
2717.969
2379.094
2144.75
1873.844
1750.062
1628.562
1486.812
1446.031
1228.312
1375.812
1230.531
1553.625
1465.469
1556.688
1775.938
1880.781
2067.219
2102.844
2521.688
2420.406
2570.062
2798.312
2959.594
2965.656
3039.594
3201.125
3113.125
3273.531
3206.531
3082.906
3285.156
3190.688
2999.812
3021
2945.5
3075.906
3158.812
3115.594
3428.156
3664.406
4119.719
4656.344
4696.719
5390.812
5720.594
6103.375
6610.406
7055.5
7348.344
8075.562
8163.906
8696.062
9088.844
9589.469
10031.219
10480.406
10568.438
11068.562
11588.219
12083.25
12297.219
12733.469
13060.125
13232.125
