20698.973
19373.25
19175.277
19307.639
18547.334
18477.25
18458.389
18247.055
18162.027
18120.861
17910.055
17796.861
17769.611
17597.223
17458.305
17140.973
16835.084
16402.666
16002.889
15207.973
14602.833
13523.277
12308.417
10577.25
8537.277
6292.639
3973.5
2072.417
1232.806
1693.028
2691.861
4628.944
6505.944
8158.028
9565.527
10811.5
11880.361
12577.361
13242.361
13766.444
14056.083
14399.75
14815.473
15036.75
15363.444
15444
15478.527
15583.444
15692.473
15888.473
15721.5
15670.75
15811.333
15785.139
15609.056
15520.083
15343.806
15409.333
15278.361
14923.944
14875.75
14612.306
14766.723
14674.583
14651.306
14721.389
14871.639
14975.639
15349.833
15458.417
15833.223
16184.056
16199.806
16690.805
16874.084
16874.973
17169.111
17256.834
17522.75
17547.334
17613.5
17633.139
17729.084
17808.139
18060.666
17985.223
18067.223
18199.666
18125.195
18135.777
18143.805
18182
18215.305
18295.639
18091
18228.945
18411.305
18285.084
18556.223
18135.277
18470.834
18636.277
18478.389
18645.805
18625.305
