22843.438
20104.75
19792.562
19411.625
18515.625
18281.375
18378.812
17943.688
18076.125
17723.75
17646.562
17605.625
17516.688
17223.812
16799.188
16444.375
16286.625
15719.625
14925.812
14485.188
13411.375
12332.562
10978.312
9207.188
7043.5
4758.125
2734.188
1362.062
874.625
1491.688
2673.625
4672.688
6373.562
8073.75
9346.75
10429.5
11610.25
12540.062
12939.75
13511.688
13957.812
14355.688
14640.25
15093.25
15150.562
15281
15394.562
15393.688
15477.438
15257.312
15512.125
15334.625
15183.25
15363.312
15153.5
14840.562
14721.562
14114.188
13595.688
13149.625
12493.562
11796.062
11229.188
10602.938
10322.375
10223.438
10735.688
11547.938
12726.188
13750.25
14768.312
15411.438
16142.625
16625.625
16946.812
17294.125
17555.812
17889.688
18031.75
18219.938
18302.75
18437.812
18416.25
18551.375
18775.938
18686.812
18590.062
18690.812
18775.812
18947.625
18925
19021.688
18853.188
18736.438
18684.875
19089.688
19049.812
19096.438
19139
18971.188
19117.125
19150.688
19235.562
18855.188
19026.312
