22182.666
20870.75
20931.291
20902.166
20578.834
20617.041
20511.459
20216.875
20090.709
20003.209
20005.791
19958.875
19652.709
19311.041
19088.084
18605.041
18231.834
17163.25
16577.084
15099.417
12912.667
9985
7073.833
3912
2144.542
3038.5
5007.917
8207
10735.417
13030.833
14908.875
15974.208
17010.709
17692.416
18499.75
18818.541
19041.875
19516.709
19557.916
19727.666
19781.916
19975.541
20128.916
20161.125
20130.584
20289.834
20324.75
20144.125
20307.25
20178.791
20415.375
20303.25
20399.334
20154.041
20311.125
20080.416
19824.125
19941.125
19710.959
19271.75
18865.75
18841.666
18901.875
19305.25
19670.625
20084.584
20085.625
20315.209
20480.416
20460.459
20387
20565.25
20456.541
20615.916
20560.916
20495.709
20654.791
20403.959
20744.084
20795.834
20468.25
20842.625
20625.916
20818.916
20545.416
20688.459
20582.459
20601.125
20543.625
20638.5
20570.125
20739.375
20766.459
20566
20526.666
20699.834
20425.959
20450.916
20485.041
20667.084
20868.541
20744.834
20852.959
20621.959
20802.709
