21287.041
19917.625
20027.75
19961.959
19352.75
19384.5
19238.959
19007.375
18719.125
18777
18502.541
18370.334
18376.291
18011.375
18010.416
17539.834
17071.875
16243.667
15765.042
14572.125
13256.667
11436.333
9129.833
6376.75
3882.5
2243.292
2120.875
3522.292
5940.958
8023.5
10264.25
12033.083
13267.458
14175.333
15121.667
15553.5
16447.75
16853.666
17050.584
17121.959
17359.25
17679.25
17883.875
17968.166
18004.916
18077.834
18321.291
18027.459
17933.166
17783.334
18161.459
17951.75
17844.541
17703.291
17382.291
17361.25
16840
16210.542
16006.958
14829.417
14157.75
13417.292
13040.375
13049.25
13762.667
14593.625
15915.167
16702.625
17430.791
17785.75
18313.375
18545.625
18611.959
19082.209
19017.666
18952.834
19137.291
19158.375
19269.291
19321.209
19314.084
19167.584
19384.459
19277.125
19473.916
19445.084
19501
19601.5
19328
19541.666
19385.084
19479.084
19565.291
19567.916
19464.625
19414.5
19516.541
19564.375
19567.334
19392.5
19537.834
19695.334
19404.791
19492.709
19629.959
