19545.625
17457.875
17286.875
17387.209
16902.166
16770.625
16804.166
16697.25
16569.25
16456.5
16257.667
16066.25
15773.167
15492.458
14939.792
14525.917
13889.167
13002.333
11680.292
9831.083
7650.875
5244.625
2990.167
1638.208
1861.042
3292.458
5553.083
7584.292
9418.125
10892.75
11843.167
12794.625
13609.833
14058.333
14713.833
14978.917
14924.625
15274.333
15682.875
15728.542
15662.708
15636.167
15948.042
15860
15873
15786.292
15839.667
15901.833
16056.958
15940.375
15811.083
15674.917
15227.167
15174.958
14778.5
14251.417
13753.792
12864.125
11974.917
11304.25
10856.125
10854.25
11778.833
12713.208
13756
14480.458
15326.583
15889.542
16160.375
16296
16568.791
16578.375
16854.5
17027.625
17036.625
16834.166
17140.25
17130.416
17349.791
17211.959
17333.625
17181.166
17319.875
17231.291
17289.916
17477.834
17222.416
17179.125
17088.291
17144.541
17307.584
17405.584
17138.041
17336.709
17192.875
17183.541
17235.041
17092.5
17117.5
17059.791
16973.916
17134.834
17178.791
17236.959
17241.166
