28936.484
24952.838
24960.258
24456.678
22865.451
22848.387
22658.902
22301.258
22285.451
22217.387
21632.258
21621.871
21669.322
21367.451
21157.064
20724.129
20560.193
20052.129
19692.258
19107.387
18501.258
18060.484
17512.064
16831.58
15761.71
14945.29
13869.807
12435.646
11226.678
9873.936
8307.451
6863.903
5318.677
3843.71
2738.581
1966.161
1308
1467.129
1244.065
1599.581
2441.742
2976.516
3853.968
5247.258
5721.516
6992.742
7793.645
8375.354
9635.097
10176.032
10713.839
11295.517
11624.742
11989.29
12583.483
13039.193
12957.71
13147.032
13090.871
13138.322
13073.742
13024.517
12964.613
12829.419
12768.258
12729
13101.774
13563.968
13918.871
14362.549
15258.903
15908.032
16413.967
17004.484
17298.291
17547.098
17968.387
18442.129
18849.291
19383.516
19636.193
19694.807
20114.098
20408.742
20869.516
21019.322
21005.484
21441.742
21389.193
21764.098
21865.033
21610.42
22220.871
22184.258
22301.645
22632.227
22734.098
22489.355
22623.516
22514.033
22923.098
23090.291
23006.936
22744.451
23122.322
