25935.58
22542.742
22540.451
22283.227
20661.355
20493.773
20305.355
20018.387
19859.322
19805.322
19541.064
19258.678
18986.516
18934.645
18825.773
18628.193
18303.807
17944.709
17323.709
16770.484
16409.516
15740.968
15362.354
14473.419
13337.354
12260.419
11390.936
9946.71
8979.839
7539.323
6143.516
4888.903
3834.323
2676.387
2054.968
1442.677
1200.129
1511.71
1532.968
2038.71
2343.194
3165.032
3766.419
4743.161
5689.839
6571.452
7121.387
7759.419
8388.71
9227.322
9495.742
9912.129
10272.581
10618.839
10921.064
10929.226
11225.387
11150.968
11125.839
11011.936
10784.322
10992.807
10755.678
10751.71
10779.483
10855.903
11169.29
11804.387
12133.064
12984.129
13445.193
13967.226
14451.581
14832.129
15350.129
15872.968
16488
16513.807
16829.322
16967.936
17556.742
17952.58
18189.613
18544.129
18754.258
18837.742
19120.838
19189.033
19580.516
19355.516
19623.516
20018.291
19913.902
20168.064
20196.936
20120.193
20187.193
20576.227
20409.967
20483.42
20745.645
20914.451
20772.549
20877.162
20951.516
