26402
23483.807
23418.516
23124.838
21721.451
21211.322
21006.484
20715.613
20169.387
20109.355
20288.42
19861.484
19748.516
19220.678
18841.58
18734.129
18005.516
17896.773
17174.193
16544.387
15906.742
14961.839
14341.936
13198.29
11995.871
10859.193
9620.646
8433.839
7246.452
5975.968
4552.226
3708.903
2673.419
1771.839
1441.71
1339.742
1185.71
1436.29
1830.516
2293.323
3070.032
3506.452
4359.742
4696.645
5629.774
6570.613
6954.548
7588.032
8217.742
8686.354
9065.322
9334.517
9843.419
9932.129
10330.161
10286
10418.742
10546.097
10220.839
10061.193
10039.549
9769.226
9772.032
9846.517
10062.646
10318.032
10696.742
11352.193
12063.839
12776.451
13665.129
13960.419
14477.483
14972.483
15420.451
15594.161
16580.227
16651.129
16953.902
17436.193
17839.193
18189.742
18570.549
18933.709
19424.033
19629.322
19779.129
20151.902
20006.871
20093.193
20505.516
20719.064
20927.613
20860.613
21101.871
21059.709
21159.58
21379.451
21232.098
21603.967
21721.291
21815.613
21820.258
21888.258
21906.484
