29127.516
25460.709
25286.064
25276.613
24085.807
23885.773
23596.355
23629.451
23632.227
23644.902
23481.098
23146.807
23119.838
23399.098
23156.807
23215.098
23016.967
22826.613
22628.58
22589.484
22325.258
22194.871
22070.516
21629.58
21254.322
20873.773
20718.967
20006.42
19368
18921.064
18029.129
17141.871
16220.903
14614.968
12816.129
11068.322
8417.129
5999.548
3726.871
1774.645
1206.484
2014.71
3357.613
5789.129
7888.742
10233.322
12139.258
13976.322
15070.774
16429.227
17448.936
18243.838
19055.58
19536.645
20160.807
20422.291
20570.936
20952.678
21085.387
21497.838
21585.549
21670.451
21901.064
22341.258
22243.645
22745.773
22658.129
22735.678
22570.645
22769.516
22803.516
22528.645
22937.58
22969.613
23228.967
23152.227
23484
23343.193
23091.645
23312.162
23230.613
23236.227
23419.064
23387.355
23712.162
23366.902
23579.064
23356.549
23367.451
23320.064
23338.871
23646.451
23548.42
23859.678
23552.098
23479.064
23629.322
23295.645
23846.162
23682.838
23854.871
23784.613
23888.742
23418.42
23678.709
