25126.064
21508.42
21483.58
21116.129
19795.098
19620.516
19540.227
19207.322
19327.355
19171.613
18952.709
18740.193
18684
18404.678
18164.645
18203.098
17860.227
17438.645
17256.162
17110.033
16562.387
16096.097
16073.839
15315.129
14930.839
14170.064
13323.419
12490.774
11877.451
11014.742
9935.549
8718.549
7635.807
6544.581
5251.613
4438.968
3362.194
2532.968
1989.452
1482.387
1102.419
1188.742
1352.935
1405.742
1471.226
2363.387
2721.774
3325.258
3758.161
4557.807
5231.419
5724.323
6121.903
6752.129
7228.032
7436.355
7743.807
8058.968
8517.032
8714.451
8756.032
8666.936
8908.613
8641.387
8697.193
8430.129
8262.968
8412.226
8007
8161.807
8733.483
8884.549
9463.517
10255.903
10717.032
10878.839
11627.581
11903.678
12491.839
13197.451
13576.064
14097.774
14396.354
14925.646
15103.483
15397.936
15690.549
16243.483
16738.129
16879.162
17374.709
17460.709
17780.613
18000.613
17924.42
18153.033
18467.064
18642.258
18701.807
19079.291
19269.516
19031.742
19206.162
19287.807
19171.645
