23701.033
21189.807
20852.709
20581.322
19336.613
18826.033
18543.484
18535.033
18354.162
18178.484
17763.742
17982.936
17666.613
17151.355
17028.064
16547.773
16349.613
15948.774
15452.839
14841.613
14565.839
13978.613
13105.839
12473.646
11525.483
10757.742
10065.419
9170.839
8240.903
6946.193
5788.742
4551.355
3557.774
3031.129
2533.097
1913.226
1496.161
1528.355
1084.548
1105.097
1475.548
1573.548
1921.806
2451.419
2790.839
3236.903
4030.71
4364.419
4744.161
5117.258
5666.323
6138.161
6692.516
6836.097
6881.161
7274.871
7259.258
7629.581
7494.032
7631.291
7331.484
7145.677
7310.548
7332.903
6890.968
7045.839
6924.581
7395.193
7422.709
8115.258
8506.322
9144.064
9791.387
10301
10802.517
11488.29
12010.226
12031.581
12623.968
13248.387
13728.354
13964.032
14471.871
14799.839
14907.226
15677.097
15979.483
16020.71
16448.098
16721.967
17024.902
17512.162
17456.387
17829.387
17780.129
18007.807
18069.291
18416.227
18468.291
18613.42
18413.838
18625.129
18805.162
18988.549
19030.451
