23691.742
20258.291
19891.258
19869.967
18866.484
18731.549
18471.291
18546.516
18474.064
18626.549
18412.709
18290.549
18073.322
17952.58
17681.709
17726.742
17644.162
17617.645
17063.098
17076.773
17158.033
16666.871
16474.227
16197.646
16117.451
15601.742
15317.354
14895.483
14227.29
13973.613
13441.903
12948.581
12281.839
11609.097
10524.193
9854
9014.129
8212.193
7045.484
6387.968
5255.613
4470.193
3455.387
2629.516
2267.097
1685.258
1412.032
1242.452
989.677
1028.419
1093.839
1220.968
1580.355
1911.484
2348.645
2741.774
3094.387
3827.419
3725.71
4506.807
4717.936
5269.032
5688.774
5649.581
6007.226
6231.807
6278.742
6469.291
6636.807
6494.613
6368.226
6408.677
6278.452
6270.355
6119.936
5953.387
6131.709
6180.774
6461.452
6944.226
7558.645
7979.581
8549.903
9131.226
9425.549
10101.678
10452.936
10773.258
11393.097
11829.354
12270.936
12696.129
13290.646
13703.968
14102.097
14490.968
14560.129
15003.419
15603.387
15612.258
16054.161
16390.064
16508.645
16615.807
16878.516
