22482.355
19686
19284.42
19194.936
17974.258
18099.678
18065.742
17718.967
17555.291
17696.807
17248.902
17461.227
17395.064
17318.322
16813.871
16737.678
16838.258
16521.709
16489.42
16350.29
16040.387
15793.29
15510.193
15244.387
14721.387
14608.097
14181.29
13624.387
13485.322
12853.161
12150.581
11711.097
11034.903
10139.193
9736.129
8829.807
7919.645
6959.355
6253.226
5542.032
4404.419
3746.806
3016.29
2231.936
1948.032
1614.871
1308.516
942.194
917.806
1111.71
1169.645
1342.839
1351.935
1885.774
1905.903
2157.387
2775.71
3123.742
3387.548
3717.548
4349.291
4463.903
4704.742
4945.129
5337.452
5244.774
5472.709
5498.258
5679.097
5389.645
5181.064
5259.936
5526.032
5168.774
5307.387
4949.032
4841.387
5111.161
5404.291
5844.774
6399.613
6949.613
7431.548
7895.516
8390.451
8585.968
9226.549
9628.774
10322.646
10643.903
11060.936
11656.807
11983.354
12423.839
12908.226
13198.097
13624.71
13955.549
14210
14728.581
15036.032
15315.129
15580.419
15572.419
15834.129
