21355.162
18611.678
18703.291
18809.709
17296.033
17268.098
17166.484
17142.902
16813.58
16730.773
16363.032
16388.807
16462.871
16263.613
16040.032
15704.774
15793.71
15699.581
15202.71
14954.129
14612.032
14244.097
14073.322
13540.839
13158.903
12773.483
12102.646
11959.517
11369.839
10545.968
9905.258
9340.419
8444.807
7920.097
6936.871
6142.839
5579.387
4944.839
3911.258
3257.29
2768.419
2227.903
1633.581
1462.677
1518.516
1275.29
1197.548
1033.839
1167.419
1245.097
1263.484
1733.032
1733.71
2122.129
2419.806
2526.516
2813.742
3006.839
3217.516
3599.452
3768.484
3937.71
4134.161
4206.323
4491.097
4573.936
4562.032
4835.452
4672.097
4653.355
4422
4427
4386.452
4296.161
4207.548
4375.258
4346.387
4817.258
5267.419
5752.226
6195.323
6673.129
7107.548
7350.129
7953.548
8228.354
8531.064
9079.032
9606.871
9908.71
10570.193
11128.646
11225.354
11671.483
12340.193
12631.419
13175.678
13572.097
13736.646
14061.064
14176.354
14576.451
14794.517
14971.226
15326.807
