27227.062
25542.281
25577.594
25341.906
24331.844
24411.062
24391.906
23963.406
23754.094
23573.281
23302.375
23294.188
22766.844
22609.469
21978.531
21085.781
20168.281
18995.281
17606.469
15203.375
12406.531
9150.75
5435.562
2383.781
1567.344
3099.875
5913.031
9279.062
12134.531
14771.469
16736.438
17828.688
19112.219
19978
20712.906
21215.188
21788.5
22151.031
22486.781
22656.719
22762.781
22972.531
23114.312
22940.312
23417.875
23527.781
23428.375
23410.531
23228.906
23325.062
23345.406
23175.094
22791.031
22579.156
22621.375
22633.781
22310.344
21875.281
21652.281
21569.969
21566.406
21800.531
21874.531
22274.188
22632.219
23190.219
23449.781
23855.844
24213.281
24366
24449.594
24549.562
24376.375
24665.688
24571.875
24902.875
25025.156
24989.125
24951.25
25058.094
25026.781
24929.562
25147.188
25203.094
24841.875
24932.062
25250.344
25158.781
25213.156
24948.875
25023.594
25205.781
24967.219
25156.875
25324.094
25146.812
25143.094
24848.094
24980.531
24964.531
25325.312
25168.75
25219.062
25169.781
25192.688
