29482.312
27930.594
27886.062
27757.562
26568.219
26300.375
26010.156
25940.031
25277.5
25090.219
24561.656
23863.156
23289.062
22413.625
21209.5
19587.438
17525.25
14650.656
11421.469
7634.312
4015.438
2015.562
1743.75
4015.281
7017.406
10319.375
13293.906
15543.344
17618.375
19119.312
20384.781
21525.969
22278.312
22788.938
23246.812
23713.344
24296.406
24342.281
24682.344
24636.219
24854.719
24918.312
25037.719
25125.125
24978
25084.844
24926.844
24774.438
24815.531
24575.781
24381.719
24229.938
23813.312
23481.125
23216.312
22920.594
22564.25
22468.188
22687.406
22696.906
23168.594
23726.906
24182.094
24925.75
25202.094
25532.719
25973.281
26495.375
26441.5
26555.5
27029.531
27159.469
27054.062
27379.844
27352.688
27228.594
27484.375
27503.781
27384.156
27435.438
27251.938
27567.469
27452.938
27513.688
27664.5
27407.438
27514.406
27524.344
27395.594
27398.812
27646.219
27664.594
27307.062
27592.125
27659.812
27658.094
27702.344
27632.188
27618.5
27696.281
27905.5
27592.844
27641.781
27716.938
27540.188
