21152.594
19351.438
19108.969
19116.094
17821.5
17725.594
17314.406
17501.5
17259.531
17379.406
16971.75
16310.5
16169.969
15579.906
15156.562
14541.094
13398.375
12289.25
10719.688
8781.219
6442.188
4051.781
2267.25
1211.625
1596.469
2993.469
4769.5
6535.5
8253.5
9881.906
10834.75
11927.438
12759.531
13617.125
13976.469
14224.469
14626.719
14778.5
15156.062
15588.812
15612
15750.844
16085.875
15708.062
15531.438
15904
15862.812
15750.656
15576.75
15425.062
15576.094
15199.312
15133.438
14768.75
14642.75
14332.688
13738
13698.531
13570.438
13358.656
13603.75
13772.125
14253.781
14735.438
15066
15345.375
15704.781
15875.438
16518.125
16789.562
16970.156
17503.875
17454.562
17740.688
17740.844
18057.781
18238.406
17608
17671.281
17914.031
17871.375
17744.531
17705.5
18312.188
18289.469
18161.188
17923.625
18348.75
18473.156
18295.469
17837.969
18032.906
17977.188
18205.938
17752.656
18307.469
18296.062
18596.656
18216.969
18314.906
17987.188
18328.312
18147.375
18432.938
18171.156
