18322.844
17419.094
17423
17357.938
16218.281
15818.469
15656
15735.219
15334.719
15404.469
14989.844
14753.312
14110
13250.906
13128.406
12265.969
11261.562
9889.594
8048.625
6266.688
4168.156
2494.062
1718.719
1438.25
2149.062
3326.219
4705.219
5912.5
7381.625
8467.875
9458.938
10194.156
11086.281
11552.969
12074.469
12215.906
12673.281
12912.906
13147.156
13277.75
13369.875
13721.812
13835.312
13558.438
13531.406
13703.5
13692.25
13396.906
13310.281
13195.344
13263.688
12935.688
12772.656
12514.375
12356.906
11830.844
11339.219
11261
11100.688
10969.688
11054.25
11490.25
12016
12398.656
12836.625
13198.562
13659.562
14139.219
14621.688
15060.906
15069.656
15596
15639.344
15935
15905.938
16171.875
16286.344
16314.844
16214
15984.844
16153.719
16111.656
16298.625
16452.344
16494.406
16477.219
16233.531
16413.125
16501.312
16629.469
16476.875
16473.281
16442.156
16346.156
16282.625
16321.062
16462.844
16763.938
16639.688
16442.125
16277.781
16667.469
16564.312
16704.125
16522.906
