23948.75
20806.969
20739.562
21063.969
19861.875
19556.156
19773.281
19245.438
19018.375
18521.531
18307.75
18193.062
17527.906
17009.188
16217.375
15005.719
14066.094
12351.375
10712.156
8558.875
6243.938
3964.75
2155
1295.969
1330.75
2338.375
3943.656
5690.281
7468.531
9139
10410.5
11307.969
12340.156
13402.812
13780.469
14577.594
14806.781
15026.969
15497.25
15783.344
16069.844
16044.562
16155.625
16021.344
16614.844
16347.469
16514.656
16330.594
16118.531
15934.531
15449.844
15455.719
14990.969
14896.688
14685.906
14125.438
14037.844
13219.312
13010.844
13189.281
12800.438
13324.844
13621.531
14246.844
15128.625
15792.688
16688.688
17487.031
17704.562
18292.094
18477.406
18764.75
19034.375
19245.25
19395.844
19558.875
19898.188
20032.125
20182.781
20424.125
20568.812
20620.5
20252.719
20348.656
20150.25
20162.875
20457.625
20390.781
20660.406
20623.844
20528.906
20746.344
20517.219
20719.531
20588.219
20673.438
20786.031
20239.812
20585.75
20439.344
20780.281
20646.906
20808.469
20633.75
20981.062
