22804.656
20338
19750.188
19637.719
18721.906
18480.594
18432.062
18592.25
18305.906
18134.719
17502.594
16829.938
16588.719
16083.781
15705.656
15162.094
13939.844
12873.344
11193.344
9148.719
7009.125
4783.5
2983.469
1736.938
1206.5
1494.25
2575.312
3944.625
5489.406
7164.906
8473.062
9625.531
10554.281
11475.312
12293.906
12763
13452.75
13882.281
14322.219
14454.375
14466.406
14744.219
14842.031
15068.969
14939.25
15040.5
14967.469
14841.312
14753.438
14769.156
14629.344
14132.781
13968.875
13674.875
13513.188
13057.312
12189.625
11725.281
11787.156
11548.969
11460.375
11357.938
11835.531
12662.531
13107
13562.75
14408.25
15211.094
15582.094
16072.375
17085.344
17781
17708.75
18102.125
18454
18665.25
18545.562
18913.75
18871.938
18820.844
18519.844
18986.031
19136.75
19280.031
19782
19758.656
18868.312
19464
19604.938
19001.469
19370.438
19389.469
19060.312
19359.344
19300.375
19161.844
19466.312
19801.656
19397.594
19771.531
19612.969
19214.594
19415.5
19683.125
19280.906
