24151.781
21828.312
21445.062
21411.125
19782.469
19127.625
18973.625
18600.469
18183.938
17601.281
17264.312
15894.375
15062.469
14188.75
12751.5
11242.938
9339.656
7419.344
5187.938
3415.656
2203.219
1328.5
1157.812
1519.438
2404.188
3606.938
4921.188
6281.062
7559.531
8640.5
9944.906
10766.531
11269.875
11875.75
12444.938
13044.812
13512.875
13660.531
14048.906
14115.312
13898.844
13989.406
14275.594
14512.188
13971.406
13804.531
13908.344
13552.188
13400.031
13005.5
12598.281
12146.125
11618.312
11237.25
10623.531
9976.938
9535.312
9287.688
9534.281
9615.5
9968.656
10646.719
11829.406
13116.906
13685.531
14588.938
15554.406
16314.156
16962.062
17770.781
18400.75
19094.281
19325.969
19656.312
20010.25
19770.875
20110.094
20205.656
20206.281
20206.094
20379.594
20851.719
20561.688
20967.094
21181.156
21067.938
20929.469
20847.875
20936.25
20853.5
20962
21022.062
21028.156
21042.875
21150.594
21146.688
21013
21380.656
21249.594
21311.062
21216.469
21314.781
21047.781
21064.062
21132.469
