28329.25
25734
25411.15
25215.4
24034.301
24035.199
23732.75
23564.6
23732.449
23353.301
23349.15
23158.551
22998.551
22732.301
22241.1
22451.1
21855.9
21670.801
21252
20767.6
20609.9
20008.9
19299.6
18905.449
17890.801
16812.5
15776.8
14191.95
12908.5
11266
9868.8
7713.7
5764.75
3856.2
2465.65
1538.15
1008.8
1546.5
2570.35
3671.35
5110.65
6300.55
7909.25
9450.2
10975.5
12115.5
12377.7
13783.15
14785.45
15179.9
15570.6
16119.65
16466.051
16816.6
17224.801
17043.85
17250.65
17554.65
17528.301
17515.051
17515.551
17619
16978.35
16826.9
17126.9
16915.4
17283.5
17566.449
17610.5
17967.1
18314.25
18362.9
18454.1
18884.25
19196.5
19467.699
19901.949
20511.6
20795.051
21196.6
21491.301
21826.75
22043.25
22177.15
22496.25
22811.699
22736.199
22875.949
23138.15
23380.449
23155.25
23053.551
23295.551
23523.301
23295.5
23334.35
23303
23164
23570.5
23478.1
23349.301
23377.15
23328.449
23476.1
23393.801
