26505.35
23337.301
22965.9
23059.85
22113.25
21824.35
21619.25
21709.801
21434.6
21487.15
21154.1
21239.15
20953.301
20774.5
20484
20359.699
20021.301
19802
19277.6
19393.699
18564
18296.9
17646.949
16840.65
16317.3
15570.95
14503.45
13306.75
12028.35
10603.95
8960.4
7382.45
5531.05
3861.4
2228.3
1761
1207.25
1262.15
1794.9
3092.45
4206.4
5545.75
6675
7840.3
8979.9
10271.35
10935.4
11579.6
12505.15
13552
13881.4
14369.85
14717.85
14875.65
15244.5
15487.95
15384.9
15771.6
15929.3
15686.2
15544.55
15555.8
15038.85
15154.05
15139.4
15049
15260.65
15475
16018.3
16032.75
15999.55
16159.6
16669.5
16762.15
17003.4
17206.65
17644.25
18308.5
18519.949
19039.199
19323.1
19340.051
19926.801
20567.35
20702.9
20732.9
20914.699
21085.301
21153.199
21237.801
21246.5
21150.5
21397.301
21119.75
21251.301
21425.35
21697.051
21578.9
21600.35
21820.15
21745.1
21250.949
21539.75
21345.449
21593.801
