27961.801
24761.25
24770.4
25179.199
23854.9
23699.551
23513.301
23328.9
23179.6
23220.6
23155.85
22814.15
22586.801
22588.301
22264.301
21882.051
21681.6
21202.551
21008.35
20455.801
19917.75
19723.449
18849.75
18185.1
17648.4
16263.15
15536.25
14094.15
12919.25
11212
9803.55
7882.15
5894.2
4189.3
2675.25
1719.15
1413.95
1222.05
1627.6
2232.6
3450.95
4209.4
5716.15
6772.9
8382.9
9283.55
10208.3
10872.05
11968.6
12794
13482.5
13422.2
14240.8
14516.1
14875.4
15126.1
15325.8
15633.9
15465.8
15530
15372
15017.35
14675.85
14831.35
14494.9
14442.05
14776.65
15020.6
14922.5
15626.3
15828
15801.3
16168.1
16487.301
16565.15
17179.1
17747.4
18064.551
18573.449
19187.25
19826.4
20095.1
20546.949
21451.051
21089.15
21922.15
21945.35
22349.051
22284.6
22599.051
22888.65
23078.75
22383.301
22476.15
22997.15
22979.801
22714.051
22586.699
23116.9
22847.801
22841.85
23042.65
22816.699
22820.25
22837.301
