26085.75
22937.35
23101.6
23181.85
21993.6
21526.65
21675.6
21540.699
21440.35
21310.25
21186.6
21037.25
20300.4
20685.6
20757.301
20249.85
19917.5
19665.25
19450.801
19082.75
18639.699
18516.199
18126.699
17399
17045.051
16220.45
15055.35
14261.7
13678.8
12310.9
11252.85
9420.8
7539.05
5965.65
4679.85
3498.85
2173.7
1335.15
1055
1112.3
1704.9
2263
3214.25
4110.55
5101.4
6560.7
7327.6
8416.55
9331.9
10033.35
10875.15
11343.25
11725.55
12267.65
12926.7
13358.7
13184.4
13798.45
13811.6
13702.25
13872.15
13886.75
13721.25
13535.4
13148.85
13173.75
12642.15
12912.95
12898.95
13535.55
13581.25
13861.15
14090.4
14141.15
14271.4
14968.25
14917.65
15536.4
15490.05
16141.85
17034.301
17657.1
18019.801
18410.051
18768.301
19094.6
19761.449
19899.801
20089.699
19952.5
20471.1
20483.5
20834.85
20772.4
21008.4
20557.35
20904.1
21418.1
21107.199
21205.35
21119.301
21085.699
21499.75
21605.449
21038.6
