24640.801
21451.449
20986
21064.4
20836.15
20280.301
20305.5
20291.4
20282.551
19945.75
19688.4
19961.051
19913.4
19627.15
19382.15
19385.051
18988.449
18774.801
18284
18358.15
18256.6
17687.25
17395.5
17203.9
16477.051
15866.2
15319.4
14402.05
13764.35
12826.35
11475.45
10278.7
8980.5
7666.65
6289.05
4589.7
3401.15
2435.15
1563.6
1137.4
1298.85
1394.75
1930.8
2267.75
3539.75
4204.2
4943.65
6101.8
6988.4
7796.3
8475.9
9260.35
9868.45
10288.7
10742.85
11422.6
11688.45
11922.35
12263.05
12456.75
12464.85
12244
12426.2
12376.85
12096.8
12147.65
11365.1
11486.75
11364.1
11599.2
11640.3
11816
12499.5
12494.3
12379.4
12578.7
12885.85
13180.4
13472.3
13831.4
14568
15015.8
15675.9
16337.25
16928.35
17110.301
17599.5
17856.15
18509.801
18286.699
18324.15
18826.5
19127.6
19034.9
19270.75
19474.9
19602.9
19398.15
19717.801
19818.9
19872.75
19748.6
19699.5
20001.85
20013.65
