23937.551
21250.4
21426.35
21437.25
20554.65
20108.4
20387.1
20366.949
19803.699
19842.75
19857.85
19830.65
19308.65
19257.5
19223.65
18615.199
18468.4
18348.85
18264.35
17932.65
17512.301
17146.949
16704.35
16274.95
15560.75
14995.05
13919.3
13424.8
12546.85
11372.65
10484.35
9031.6
8236.4
6185.75
4786.55
3910.1
2597.75
2069.9
1649.8
916.2
1141.2
1433.65
1514.85
2006.95
2871.85
3254.9
4604.75
5033.65
5760.55
6729.75
7365.7
7843.95
8319.85
9297.7
9520.7
9740.5
9916.1
10625
10515.55
10680.35
11028.15
11216.75
10858.8
10583.65
10668.4
10162.75
10262.9
9624.05
9817.45
9784.45
10128.5
10264.05
11098.35
10886.75
10728.7
11046.5
11517.35
11783
12031.9
12704.5
13543.45
13769
14428.25
15247.35
15655.4
15785.2
16639.65
17134.35
17695.5
17770.25
18331.949
18373.801
18553.35
18644.801
18876.85
19094.85
18810.4
19639
19566.15
19323.35
19337
19647
19601.65
19369.801
19419.301
