22583.051
19746.85
19539.75
20089.9
19518.051
19011
19281
19530.85
18753.9
19014.65
19191.65
18898.15
18632.199
18461.301
18676
18663.801
18262.9
18076.75
18448.699
17956.85
17644.4
17727.6
17789.5
17518.5
17034.551
17190.699
16816.6
16384.801
16213.9
15986.9
15303.65
14826.5
14549.55
13625.05
12786.15
12610.6
11732.65
10677.75
9747.8
8790.85
7481.1
6065.6
5112.55
3590.6
3062.6
1987.2
1588.05
1136.75
1095.4
1166.05
1625.7
1958.7
2391
2781.65
3761.6
4433.6
4974.8
5760.5
6325.65
6867.4
7536.6
8129.2
8365.45
8583.85
9065.75
9372
9723.85
9839.75
9813.8
9714.8
9856.85
9472.15
9347.5
9345
8791.8
8573.5
8582.35
8705.5
8807.45
9137.05
9459.2
9666.85
9463.4
10018.2
10199.6
10192.85
10727.35
11314.25
11819.9
12457.55
12595.6
13776.6
14283.55
14583.9
14980.6
15938.65
15759.45
16297.15
16544.051
16851.65
16960.9
17185
17385.449
17678.1
17793.699
