22494
19538.199
18990.9
18755.551
18799.199
18577.6
18213.5
18328.301
18571.4
18069.15
18107.5
18055.35
18126.35
17788.75
17651.301
17811.801
17847.85
17213.449
17239.051
17717.199
17345.6
16887.551
17091.25
16677.25
16231
16107.95
16060.75
15612.25
15228.7
15271.75
14743.75
14031.35
13879
12947.45
12346.05
11520.65
10840.35
9981.85
8891.45
7963.45
6825.2
5713.85
4463.95
3917.5
2889.7
2067.6
1630.05
1241.2
1207
1023.25
1244.95
1547
1944.7
2494.5
2754.25
3561.05
3789.3
4428.35
5440
5921.7
6326.9
6765
7223.1
7514.75
7484.75
8033.7
8370.7
8792.1
8598.7
8627.45
8864
8305
8082.5
8291.95
7632.6
7276.45
7315.5
7711.3
7940.6
7681.9
7843
8433.9
8523.1
8282.6
8936.2
9284.35
9251.05
9699.95
10350.55
10968.6
11600.3
12194.25
13031.95
13345.65
13983.95
14683.9
15246.3
15409.7
15484.85
16210.65
16475.449
16545.25
16303.15
16896.1
16949.1
