21135.35
18902.9
18257.199
18473.301
17307.4
17510.6
17652.801
17687.801
17273
17242.25
17369.051
17340.801
17017.25
16954.85
17309.15
16971.199
16668.949
16304.25
16720.699
16204.1
16196.85
16147.05
15793.5
15338.75
15171.7
15129.1
14877.1
14362.3
14017.5
13643.4
13096.65
12631.4
11625.05
11173.1
10096.15
9685.9
8616.9
7800.75
6704.35
5640.25
4617.45
3703.1
3020.5
2462.8
1788.85
1432.05
990.4
742.05
960.15
1053.1
1402.3
1862.3
2253
2626.2
2925
3501.65
3711.05
4484.4
4609.05
5299.45
5128.6
6008.85
6113.5
6619.05
6944.5
6613.05
7032.75
7370.85
7257.65
7314.65
7157.25
7141.7
6689.4
6465.95
6383.85
6355.3
6156.65
6266.05
6598.65
6817.45
6720.85
7079.7
7283.25
7680.55
7606.35
8093
8623.6
8938.9
9273.45
10138.4
10925.7
11849.7
11970.4
12704.45
13267.6
13777.9
13867.5
14327.55
14993.95
15373.25
15349.65
15963.5
15984.7
16100.4
15961.4
