25384.885
22419.461
22346.961
22459.385
22010.539
22099.961
21747.924
21934.424
21632.346
21744.23
21577.809
21706.924
21737.924
21519.846
21359.385
21481.461
21210.346
21263.809
21022.576
20786.23
20491.346
20322.385
20333.115
20107.076
19665.73
19378.924
19221.154
18516.73
18129.154
17619.846
16966.615
16512.346
15631.77
14896.077
14014
12719.846
12074.73
10918.346
9557.808
8229.27
6988.231
5567.423
4459.308
3536.961
2720.885
2307.923
1973.115
1805.269
1749.5
2085.115
2874.539
3298.808
3740.5
4544.5
5447.769
6138.385
6714.539
7302.115
8054.269
8568.385
8947.423
9382.846
9747.462
10192.577
10397.115
10366
10712.654
10698.808
10743.192
10595.23
10421.808
10412.423
10406.5
10126.962
10232.385
10540.192
10601.115
11067.077
11608.577
12292.27
13117.038
13676.923
14426.923
15087.385
15547.538
16244.846
16675.539
17090.191
17278
17672.654
18138.539
18260.846
18519.346
19070.961
19292.154
19521.576
19694.461
19794.77
19899.846
20180.846
20424.385
20644.77
20764.346
20923.73
20845.77
