28102.961
26133.191
26200.27
25934.309
25230.846
25217.154
25035.885
24740.346
24851.309
25160.77
24673.615
24621.846
24637.385
24668.191
24167.691
24197.846
24092.924
23692.846
23449.77
23386.424
23101.654
22882.191
22627.73
22210.73
21996.346
21473.691
21325.346
20983.961
20058.691
19592.191
18803.924
18059.27
17235.961
16266.73
15254.77
14174.423
12867.346
11645.27
10292.73
8825.346
7507.269
6391.769
5097.192
4148.115
3098.923
2210.654
1823.692
1645.115
1655.077
1889.231
2182.385
2725.539
3475.269
4070.077
4697.885
5193.654
6165.5
6558.923
7459.885
7925.577
8354.385
9097.885
9277.962
9928.308
9970.423
10405.923
10514
10534.154
10634.308
10701.192
10493.346
10271
10101.154
10151.23
10294.462
9960.73
10411.346
10622.27
11617.692
11931.385
12754.962
13703.577
14578.346
15332.73
15916
16346.962
17333.154
17854.961
18296.924
18786.424
19340.191
19780.191
20426.076
20576.615
21189.039
21374.039
21643.27
21938.23
22457.576
22639.115
22963.654
23434.809
23349.691
23639.385
23702.385
