24830.691
22693.809
22652.191
22800.039
21986.385
21477.23
21792.346
21756.076
21523.576
21537.539
21260.539
21500.885
21288.191
21067.076
21142.809
20870.076
20756.73
20437.77
20559.77
20134.154
20085.076
20076.846
19636.385
19256.846
18612.615
18469.191
18107.77
17720.27
17063.924
16548.576
15960.692
14970.846
14314.808
13575.115
12487.654
11789
10460.538
9369.692
8230.923
6896.039
5871.692
4611.308
3750.385
3014.423
2392.539
2129.846
1672.077
1623.308
1618.923
1925.962
2194.461
2594.192
3020.731
3602.154
4212.539
4870.885
5262.5
5585.885
6482.308
6684.961
7361.115
7595.961
7785.654
8171.192
8395.885
8489.154
8706.5
8561.346
8638.577
8498.77
8376.346
8424.538
8324.654
8103.461
8065.923
8341.846
8514.462
8900.462
9438.038
10264.808
10863.27
11241.885
12202.538
12738.808
13145.654
13828.692
14215
14924.115
15288.846
15933.038
15987.27
16751.691
17131.461
17334.77
17697.115
18176.27
18540.461
18675.961
19138.809
19498
19647.424
19869.539
20194.654
20117.115
20451.23
