27049.846
24049
24006.73
23871.654
22887.039
22943.691
22586.346
22478.346
22400.115
22414.539
22164.885
21789.615
21920.961
21714.191
21488.615
21420.73
21316.5
20905
20546.154
20276.961
19625.924
19249.615
19039.039
18551.191
17634.691
17375.73
16504.73
15832.692
14865.615
14184.923
13432.577
12126.27
11058.192
9897.885
8731.692
7906.692
6512.154
5624.346
4590.885
3770.846
3126.769
2422.346
2089.539
2031.462
1815.846
1986.577
1951.654
2194.5
2438.461
2783
3388.692
3595.769
3924.539
4598.923
5089.577
5507.461
5763.808
6338.769
6636.885
7025.846
7257.423
7250.577
7397.615
7515.769
7898
7717.115
7905.577
7494.5
7449.423
7496
7224.577
7140.846
7338.539
7662.192
7861.5
8483.308
9224.808
9617.27
10682.192
11295.962
12139.885
12844.73
13444.385
14369.577
14878.5
15223.692
15782.538
16361.615
16879.809
17475.23
17607.576
18275.961
18240.539
18890.076
19172.191
19402.77
19812.27
20304.73
20149.846
20633.809
20747.115
20951.73
21234.809
21255.924
21330.039
