26210.924
23694.924
23540.385
23444.924
22525.23
22526.154
22184.924
21797.77
21677.5
21618.309
21510.846
21343.039
21193.23
21049.885
20679.654
20504.154
20136.424
20191.961
19966.039
19450.73
19068.27
18579.691
18048.424
17539.346
17163.076
16474.885
15607.923
14808.308
14375.846
13218.154
12210.423
11230
10334.577
9153.923
8102.615
7113.808
6219.115
5162.731
4276.346
3485.961
2622.385
2454.192
2271.692
1924.692
1642.769
1600.077
1589.308
1604.577
2076.269
2153.192
2320.769
2674.923
3363.539
3740.692
3899.961
4508.231
4770.923
5097.346
5470.692
5812.923
5961.346
6277.692
6314.923
6457.923
6381
6338.385
6263.539
6650.461
6501.269
6358.808
5888.154
5918.539
6102.039
6201.846
6465.308
6676.846
7396.308
8062.231
8825.308
9541
10257.308
10987.27
11474.423
12016.577
12948.808
13513.654
14084.23
14550.885
15205.808
15609.885
16027.808
16593.691
17161.539
17458.039
17727.654
18236.654
18495.924
18888.309
19218.691
19423.73
19771.039
20058.846
20185.73
20326.539
20689.424
