25357.385
22802.77
22644.961
22643.23
21546.039
21203.654
21325.77
21112.73
21043.691
21029.424
21026.115
20627.691
20346.309
20090.346
19718.961
19843.809
19350
19264.191
18867.576
18413.346
18345.539
17728.039
17377.961
16824.5
16237.615
15570.615
14903.923
14082.346
13452.27
12639.077
11822.346
10937.692
9909.808
8482.692
8019.615
7050.539
6168.885
5098.808
4177.423
3680.885
3147.846
2514.346
2201.269
1974.192
1791.077
1417.885
1564.192
1580.154
1952.154
1797.115
2581.115
2352.269
2640.192
3151.846
3479.539
3657.692
4070.115
4488.808
4577.039
4944.385
5326.115
5259.039
5638.423
5638.461
5712.961
5622.077
5993.154
5733.692
5533.115
5486.423
5468.308
5388.615
5409.654
5394.192
5315.654
5801.269
6273.115
6581.385
7663.846
7851.692
8701.154
9489.73
9859.577
10330.462
11318.423
11630.923
12238.462
12941.346
13517.692
13990.808
14476.077
14838.923
15423.962
15831.538
16246.654
16796.5
17026.076
17332.424
17971.346
17902.039
18231.23
18758.115
19161.385
19504.615
19509.23
