22322.154
19973
19814.576
19631.385
18765.654
18391.539
18569.309
18420.5
18004.961
18096.539
17956.77
17833.039
17548.961
17621.5
17315.346
17069.154
16865.73
16583.615
16230.962
16175.808
15967.846
15486.923
15048.154
14783.808
14351.346
13879.23
13444.038
12990.038
12012.615
11634.885
10947.423
10202.577
9469.423
8934.5
8005.539
7209.5
6634.039
5620.731
4833.154
4557.231
3822.154
3256.192
2894.846
2225.461
1846.846
1930
1605.769
1431.885
1297.769
1228
1318.423
1454.846
1535.577
1689.808
1971.154
2242.308
2429.385
2602.231
2841.692
2897.423
3267.077
3485.231
3592
3753
3854.846
4025.923
4249.269
4319.577
4143.769
4394.654
4211.615
4107.423
3889.885
4058.115
3825.346
4140.423
3947.039
4296.308
4378.654
4870.346
5056.346
5910.923
6216
6685.654
7426.385
7874.385
8589.5
9257.5
9507.462
10141.308
10505.538
10874.885
11265.423
11811.5
12058.615
12667.115
13236.808
13717.192
13970.5
14335
14361.23
14810.462
15127.923
15380.192
15590.5
