22894.461
20521.076
20421.809
20694.115
19269.154
18879.5
18863.961
18666.346
18673.076
18512.691
18342.039
18240.924
17965.691
17943
17564.23
17509.346
17353
17263.576
16798.961
16313.538
16178.038
15794.654
15691.923
15173.846
14609.5
14297.038
13714
13093.27
12732.423
11938.77
11540.192
10608.154
10072.115
9092
8451.192
7675.731
7013.269
6004.346
5569.692
4675.769
4076.269
3512.154
3169.115
2506.077
2294.923
1910.962
1665.192
1801.269
1528.423
1432.846
1340.231
1366.192
1110.115
1563.654
1662.077
1877
1977.308
2232.961
2428.308
2678.461
2756.5
3033.615
3132.039
3394.269
3524.731
3453.615
3580.231
3837.615
3823.615
4001.231
3829.231
3903.577
3709.461
3825.077
3682.423
3573.039
3648.923
3653
3816.692
3990.692
4366.385
4505.154
4670
5411.039
5954.961
6343.308
7152.5
7841.539
8248.77
8536.654
9024.654
9715.423
10035.654
10722
11044.615
11407.615
12079.308
12500.038
13004.73
13287.5
13748.885
14072.77
14256.423
14596.27
15033.923
