20647.191
18943.691
18855.539
18926.77
17428
17363.424
17093.346
16998.654
16554.424
16520.961
16538.309
16292.73
16037.77
15895.23
15778.885
15772.846
14992.962
14845.962
14790.846
14298.346
14098.192
13671.346
13130.73
12994.846
12532.077
12172.77
11454.346
11020.115
10433.654
9861.77
9294.923
8652.962
7781.923
7413.923
6640.808
6014.731
5435.654
4873.346
4201.077
3717.731
3371.961
2684.385
2344.269
2072.077
1841.423
1763.769
1601.5
1428.269
1405.885
1160.192
1334.077
1170.538
1528.423
1422.462
1520.346
1768.077
1889.038
2028.654
2087.115
2508.808
2420.423
2592
2746.654
2911.115
2920.269
2980.5
3200.731
3072
3285.731
3160.539
3117.539
3310.115
3130.423
2950.654
3040.154
2890.577
3077.461
3149.077
3073.769
3434.654
3652.654
4089.231
4683
4694.269
5395.423
5663.231
6004.923
6575.885
7029.308
7307.423
8063.077
8122.077
8719.154
9180.308
9655.423
10043.192
10563.346
10658.692
11145.154
11624.423
12093.423
12349
12880.538
13157.308
13358.038
