19642.838
18706
18599.594
18636.459
17953.107
17852.432
17530.244
17583.244
17422.918
17280.594
16982.107
16891.865
16574.324
16204.865
15765.622
15075.324
14268.459
13213.433
11418.676
9369.892
6438.459
3676.541
1526.351
1461.297
3019.757
5414.865
7900.838
10129.081
11634.514
13008.946
14090.757
14834.729
15428.648
15863.514
16272.973
16495.621
16750.973
16944.107
17114.189
17151.352
17323.27
17331.865
17400.055
17503.73
17508.352
17531.838
17552.838
17529.055
17608.838
17483.107
17436.459
17348.324
17152
17115.055
16938.459
16904.811
16465.324
16025.784
15651.352
15411.784
15455.514
15728.622
16229.757
16623.379
17075.865
17431.621
17646.324
17720.73
18050.756
18199.73
18083.648
18227.244
18267.432
18328.244
18488.918
18539.27
18493.703
18552.162
18420.162
18547.379
18718.865
18873.703
18525.244
18588.541
18494.055
18572.893
18587.379
18441.945
18628.918
18557.082
18575.973
18813.486
18783.541
18635.865
18599.135
18618.352
18550.135
18610.514
18629.783
18547.783
18457.838
18572.486
18666.811
18766.838
18682.107
