21693
20683.432
20594.514
20852.324
19924.135
19697.945
19535.244
19489.811
19258.406
19147.189
19079.135
18687.568
18414.379
18131.676
17768.918
17195.594
16428.621
15263.892
13944.135
12133.865
9569.946
6585.352
3348.973
1266.541
1423.054
3422.946
6126.324
8825.108
11020.189
12798.459
14197.081
15171.541
16157.433
16791.27
17321.973
17813.162
18015
18257.893
18387.107
18640.027
18861.811
18973.432
18956.945
19089.432
19021.918
19166.918
19185.918
19249.244
19120.055
19052.082
19018.568
18907.27
18980.568
18637.918
18584.244
18272.082
17921.297
17416.459
17007.893
16662.918
16354.514
16381.784
16674.162
17361.568
18149.459
18520.189
19089.107
19402.918
19535
19866.406
19797.893
19994.945
20104.73
20022.811
20236.459
20407.217
20446.352
20477.945
20358.27
20388.918
20354.783
20567.594
20633
20671.568
20785.27
20577.648
20627.918
20589.514
20608.865
20548.432
20566.379
20543.027
20503.648
20524.783
20654
20624.514
20650.379
20649.973
20559.244
20733.783
20542.352
20616.838
20491.676
20738.676
20795.244
