17540.838
15360.297
15247.784
15180.216
14560.108
14737.352
14358.838
14167.486
14019.189
14022.892
13971.243
13733.973
13356.648
12960.297
12552.892
11991.838
11336.648
10497.946
9245.892
7703.297
5711.946
3795.108
2241.351
1157.811
1343.162
2432.081
3944.513
5804.919
7186.622
8405.352
9424.324
10263.757
10818.216
11332.189
11678.946
12045.514
12395.162
12670.567
12766.459
12995.757
12887.405
12997.486
13185.676
13438.973
13319.324
13198.567
13196.108
12992.541
12985
12991.703
12774.135
12783.297
12364.135
12220.676
11805.433
11120.271
10581.135
9807.784
9309.027
8823.243
8415.811
8780.324
9438.919
10343.433
11324.946
12040.514
12702.324
13282.676
13531.405
13937.243
14249.973
14405.729
14478.433
14541.622
14621.973
14693.757
14645.081
14878.297
14983.459
15004.648
15036.271
14883.784
14899.216
14688.486
15036.433
15139.892
15243.352
15184.729
15201.541
15226.622
15121.162
15163.135
15069.729
15178.189
15145.243
15224.784
15229.405
15151.459
15029.433
15134.703
15184.459
15293.433
15172.459
15041.729
15054.162
