19092.973
16646.459
16545.244
16597.297
15678.757
15459.162
15428.729
15309.486
15179.027
15191.541
14921.541
14558.703
14169.352
13948.514
13571.595
13086.486
12260.271
11396.757
10104.784
8631.567
6780.541
4699.514
2613.378
1243.595
870.784
1419.784
2690.406
4468
6046.352
7496.919
8761.081
9692.108
10482.784
11039.162
11701.216
12189.541
12434.676
12824.271
12982.946
13169.081
13271.027
13401.676
13599.352
13633.081
13631.865
13521.108
13636.189
13412.784
13340.892
13313.811
13054.135
12844.838
12568.946
12162.324
11910.405
11124.081
10406.162
9679.676
8613
7771.946
7396.243
7210.054
7868.919
8826.757
10095
11313.135
12182.892
13171.378
13557.486
14202.648
14805.054
15136.784
15458.838
15648.459
15800.648
15720.811
15811.352
16117.622
16021.486
16222.054
16288.135
16389.162
16503.893
16543.055
16559.082
16639.676
16640.297
16772.189
16651.568
16522.352
16465.514
16545.838
16569.189
16640.379
16677.406
16751.459
16837.594
16781.324
16644.865
16655.514
16480.406
16785.541
16622.568
16603.352
16497.514
