ROI name    Roi_1                   Roi_2                   Roi_3                   
ROI area        0.20 cm2                   0.13 cm2                   0.15 cm2               
user units  mean     std dev  func  mean     std dev  func  mean     std dev  func  
0            427866  177480   no     382458  144491   no     574347  227981   no    
0            433788  176113   no     364308  151516   no     566537  230616   no    
0            442001  169199   no     389345  132366   no     567506  236404   no    
0            425928  165850   no     365393  135503   no     566939  223424   no    
0            431138  170116   no     351818  125547   no     560464  226082   no    
0            431714  166360   no     381456  141398   no     560373  229100   no    
0            432320  176262   no     345666  158968   no     552326  220605   no    
0            431295  167432   no     341874  133608   no     559616  223210   no    
0            433893  175734   no     350469  132238   no     560144  223812   no    
0            433682  160124   no     395857  128936   no     541505  220167   no    
0            426282  162555   no     336105  129470   no     553691  214093   no    
0            432081  174348   no     333721  107072   no     552542  221160   no    
0            442549  164510   no     360288  102717   no     555543  215619   no    
0            431891  163992   no     344558  116905   no     553054  219584   no    
0            424783  162789   no     372232  111555   no     550264  218557   no    
0            425789  153363   no     373463  120268   no     550647  219679   no    
0            442245  165618   no     364483  118545   no     550255  222159   no    
0            423790  165551   no     340286  115569   no     542083  213052   no    
0            432941  156179   no     332475  122064   no     548043  210096   no    
0            427589  165130   no     339492  120782   no     547975  206654   no    
0            423469  164446   no     327478  111652   no     549521  211988   no    
0            424509  170936   no     368905  105431   no     544536  208486   no    
0            428927  160637   no     340407   95422   no     536619  201605   no    
0            423686  154324   no     327961   92944   no     527784  198798   no    
0            424759  155839   no     357190   98776   no     537685  195788   no    
0            416556  161253   no     366776   94833   no     529076  196370   no    
0            424333  162758   no     371120  116640   no     530271  200155   no    
0            415231  155762   no     375851   83733   no     528626  210809   no    
0            422748  155424   no     364650   93833   no     533478  203312   no    
0            430140  156954   no     360805   99284   no     534856  204663   no    
0            427334  162859   no     382503   90430   no     526505  214039   no    
0            434949  161686   no     389650   89826   no     538632  193461   no    
Title="Plot"
Xaxis="user units"
Yaxis="no scaling"

Line="Roi_1"
0.000000e+00	4.278661e+05
0.000000e+00	4.337879e+05
0.000000e+00	4.420006e+05
0.000000e+00	4.259281e+05
0.000000e+00	4.311380e+05
0.000000e+00	4.317140e+05
0.000000e+00	4.323200e+05
0.000000e+00	4.312950e+05
0.000000e+00	4.338928e+05
0.000000e+00	4.336816e+05
0.000000e+00	4.262825e+05
0.000000e+00	4.320809e+05
0.000000e+00	4.425488e+05
0.000000e+00	4.318908e+05
0.000000e+00	4.247834e+05
0.000000e+00	4.257891e+05
0.000000e+00	4.422451e+05
0.000000e+00	4.237899e+05
0.000000e+00	4.329408e+05
0.000000e+00	4.275886e+05
0.000000e+00	4.234693e+05
0.000000e+00	4.245085e+05
0.000000e+00	4.289270e+05
0.000000e+00	4.236859e+05
0.000000e+00	4.247586e+05
0.000000e+00	4.165556e+05
0.000000e+00	4.243331e+05
0.000000e+00	4.152315e+05
0.000000e+00	4.227485e+05
0.000000e+00	4.301400e+05
0.000000e+00	4.273343e+05
0.000000e+00	4.349489e+05

Line="Roi_2"
0.000000e+00	3.824575e+05
0.000000e+00	3.643080e+05
0.000000e+00	3.893446e+05
0.000000e+00	3.653926e+05
0.000000e+00	3.518177e+05
0.000000e+00	3.814557e+05
0.000000e+00	3.456662e+05
0.000000e+00	3.418742e+05
0.000000e+00	3.504689e+05
0.000000e+00	3.958565e+05
0.000000e+00	3.361049e+05
0.000000e+00	3.337214e+05
0.000000e+00	3.602877e+05
0.000000e+00	3.445581e+05
0.000000e+00	3.722321e+05
0.000000e+00	3.734628e+05
0.000000e+00	3.644825e+05
0.000000e+00	3.402859e+05
0.000000e+00	3.324752e+05
0.000000e+00	3.394923e+05
0.000000e+00	3.274782e+05
0.000000e+00	3.689053e+05
0.000000e+00	3.404072e+05
0.000000e+00	3.279613e+05
0.000000e+00	3.571901e+05
0.000000e+00	3.667758e+05
0.000000e+00	3.711197e+05
0.000000e+00	3.758509e+05
0.000000e+00	3.646502e+05
0.000000e+00	3.608052e+05
0.000000e+00	3.825033e+05
0.000000e+00	3.896504e+05

Line="Roi_3"
0.000000e+00	5.743472e+05
0.000000e+00	5.665369e+05
0.000000e+00	5.675058e+05
0.000000e+00	5.669394e+05
0.000000e+00	5.604637e+05
0.000000e+00	5.603730e+05
0.000000e+00	5.523259e+05
0.000000e+00	5.596156e+05
0.000000e+00	5.601443e+05
0.000000e+00	5.415049e+05
0.000000e+00	5.536909e+05
0.000000e+00	5.525423e+05
0.000000e+00	5.555434e+05
0.000000e+00	5.530540e+05
0.000000e+00	5.502640e+05
0.000000e+00	5.506471e+05
0.000000e+00	5.502548e+05
0.000000e+00	5.420833e+05
0.000000e+00	5.480432e+05
0.000000e+00	5.479746e+05
0.000000e+00	5.495208e+05
0.000000e+00	5.445364e+05
0.000000e+00	5.366186e+05
0.000000e+00	5.277843e+05
0.000000e+00	5.376849e+05
0.000000e+00	5.290756e+05
0.000000e+00	5.302707e+05
0.000000e+00	5.286258e+05
0.000000e+00	5.334776e+05
0.000000e+00	5.348561e+05
0.000000e+00	5.265050e+05
0.000000e+00	5.386317e+05

