ROI name    Roi_1                   Roi_2                   Roi_3                   Roi_4                   
ROI area        0.19 cm2                   0.17 cm2                   0.18 cm2                   0.17 cm2               
user units  mean     std dev  func  mean     std dev  func  mean     std dev  func  mean     std dev  func  
0            497666  45886.7  no     499020  68001.0  no     483245  52421.6  no     499886  64343.2  no    
0            372283  38832.9  no     386344  51351.3  no     369210  42010.9  no     389562  50612.3  no    
0            226412  27545.8  no     230681  41014.1  no     223693  34677.5  no     235179  37830.8  no    
0            167140  23904.4  no     178671  33594.6  no     176212  25734.9  no     183889  29528.5  no    
0            109657  21762.9  no     116597  25654.5  no     105731  22932.6  no     116879  25828.2  no    
0             83709  19113.2  no      89156  22314.0  no      88719  23826.8  no      94887  21158.9  no    
0             57489  17295.2  no      61850  19433.5  no      60258  19434.0  no      63363  21444.8  no    
0             47288  16599.9  no      46816  20917.9  no      47990  19481.9  no      51668  20284.2  no    
0             33738  15034.4  no      35244  16904.8  no      37894  16005.5  no      37901  16640.5  no    
0             28553  12827.6  no      30476  16960.7  no      29429  15800.2  no      29086  15136.8  no    
0             23683  11788.9  no      25405  16310.3  no      27413  14937.0  no      27845  14545.2  no    
0             21661  11151.1  no      24903  13002.5  no      24241  14530.0  no      23587  13380.0  no    
Title="Plot"
Xaxis="user units"
Yaxis="no scaling"

Line="Roi_1"
0.000000e+00	4.976657e+05
0.000000e+00	3.722829e+05
0.000000e+00	2.264121e+05
0.000000e+00	1.671404e+05
0.000000e+00	1.096575e+05
0.000000e+00	8.370914e+04
0.000000e+00	5.748902e+04
0.000000e+00	4.728787e+04
0.000000e+00	3.373848e+04
0.000000e+00	2.855335e+04
0.000000e+00	2.368326e+04
0.000000e+00	2.166068e+04

Line="Roi_2"
0.000000e+00	4.990201e+05
0.000000e+00	3.863444e+05
0.000000e+00	2.306805e+05
0.000000e+00	1.786705e+05
0.000000e+00	1.165969e+05
0.000000e+00	8.915637e+04
0.000000e+00	6.185028e+04
0.000000e+00	4.681627e+04
0.000000e+00	3.524377e+04
0.000000e+00	3.047631e+04
0.000000e+00	2.540542e+04
0.000000e+00	2.490343e+04

Line="Roi_3"
0.000000e+00	4.832450e+05
0.000000e+00	3.692103e+05
0.000000e+00	2.236934e+05
0.000000e+00	1.762117e+05
0.000000e+00	1.057312e+05
0.000000e+00	8.871929e+04
0.000000e+00	6.025799e+04
0.000000e+00	4.799019e+04
0.000000e+00	3.789357e+04
0.000000e+00	2.942920e+04
0.000000e+00	2.741251e+04
0.000000e+00	2.424070e+04

Line="Roi_4"
0.000000e+00	4.998865e+05
0.000000e+00	3.895616e+05
0.000000e+00	2.351794e+05
0.000000e+00	1.838888e+05
0.000000e+00	1.168787e+05
0.000000e+00	9.488680e+04
0.000000e+00	6.336328e+04
0.000000e+00	5.166839e+04
0.000000e+00	3.790071e+04
0.000000e+00	2.908633e+04
0.000000e+00	2.784488e+04
0.000000e+00	2.358667e+04

