ROI name    Roi_1                    Roi_2                    Roi_3                    
ROI area        0.12 cm2                 0.0989 cm2                   0.27 cm2               
user units  mean      std dev  func  mean      std dev  func  mean      std dev  func  
0            1207745  231415   no     1189283  212578   no     1824755  176403   no    
0             979538  201560   no      881464  154776   no     1678308  192455   no    
0             695572  154180   no      571155  107034   no     1310704  196261   no    
0             572278  136877   no      439770  111203   no     1179341  202094   no    
0             432998  113579   no      291855   79956   no      940503  211104   no    
0             364009  101945   no      233329   80006   no      841817  211080   no    
0             302162   96274   no      154123   61051   no      689609  212402   no    
0             264416   82440   no      131791   61478   no      608414  205991   no    
0             225360   84647   no       95429   45128   no      515042  205735   no    
0             202629   76077   no       86234   44784   no      448779  200194   no    
0             174282   73524   no       68118   31400   no      387763  196001   no    
0             162584   70134   no       69733   34816   no      343275  190239   no    
Title="Plot"
Xaxis="user units"
Yaxis="no scaling"

Line="Roi_1"
0.000000e+00	1.207745e+06
0.000000e+00	9.795384e+05
0.000000e+00	6.955719e+05
0.000000e+00	5.722776e+05
0.000000e+00	4.329984e+05
0.000000e+00	3.640092e+05
0.000000e+00	3.021618e+05
0.000000e+00	2.644161e+05
0.000000e+00	2.253604e+05
0.000000e+00	2.026285e+05
0.000000e+00	1.742820e+05
0.000000e+00	1.625836e+05

Line="Roi_2"
0.000000e+00	1.189283e+06
0.000000e+00	8.814640e+05
0.000000e+00	5.711555e+05
0.000000e+00	4.397704e+05
0.000000e+00	2.918546e+05
0.000000e+00	2.333294e+05
0.000000e+00	1.541228e+05
0.000000e+00	1.317909e+05
0.000000e+00	9.542856e+04
0.000000e+00	8.623427e+04
0.000000e+00	6.811849e+04
0.000000e+00	6.973279e+04

Line="Roi_3"
0.000000e+00	1.824755e+06
0.000000e+00	1.678308e+06
0.000000e+00	1.310704e+06
0.000000e+00	1.179341e+06
0.000000e+00	9.405032e+05
0.000000e+00	8.418171e+05
0.000000e+00	6.896092e+05
0.000000e+00	6.084139e+05
0.000000e+00	5.150421e+05
0.000000e+00	4.487787e+05
0.000000e+00	3.877634e+05
0.000000e+00	3.432748e+05

