ROI name    Roi_1                   Roi_2                   Roi_3                    
ROI area        0.23 cm2                   0.16 cm2                   0.10 cm2               
user units  mean     std dev  func  mean     std dev  func  mean      std dev  func  
0            618544  94947.1  no     644160  49903.8  no     1049382  124600   no    
0            496199  83657.2  no     497333  41342.3  no      943135  112329   no    
0            337776  69647.3  no     322573  38286.2  no      750192  101852   no    
0            274234  64930.0  no     247270  36151.0  no      653555   93694   no    
0            200386  56212.0  no     167883  32442.8  no      533445   80756   no    
0            165473  54464.4  no     128168  29869.5  no      465499   76166   no    
0            125700  49425.5  no      90904  22868.9  no      380030   67961   no    
0            106629  46220.4  no      76509  26095.5  no      335286   66619   no    
0             86208  42952.8  no      53560  23066.6  no      280859   61056   no    
0             76202  40962.8  no      48264  21109.0  no      244522   60741   no    
0             63318  40763.6  no      37776  18199.3  no      206566   53095   no    
0             58640  35840.7  no      36249  19985.4  no      180215   47259   no    
Title="Plot"
Xaxis="user units"
Yaxis="no scaling"

Line="Roi_1"
0.000000e+00	6.185444e+05
0.000000e+00	4.961989e+05
0.000000e+00	3.377761e+05
0.000000e+00	2.742341e+05
0.000000e+00	2.003863e+05
0.000000e+00	1.654730e+05
0.000000e+00	1.257000e+05
0.000000e+00	1.066291e+05
0.000000e+00	8.620819e+04
0.000000e+00	7.620210e+04
0.000000e+00	6.331751e+04
0.000000e+00	5.864041e+04

Line="Roi_2"
0.000000e+00	6.441603e+05
0.000000e+00	4.973333e+05
0.000000e+00	3.225733e+05
0.000000e+00	2.472704e+05
0.000000e+00	1.678829e+05
0.000000e+00	1.281682e+05
0.000000e+00	9.090350e+04
0.000000e+00	7.650861e+04
0.000000e+00	5.356019e+04
0.000000e+00	4.826421e+04
0.000000e+00	3.777578e+04
0.000000e+00	3.624890e+04

Line="Roi_3"
0.000000e+00	1.049382e+06
0.000000e+00	9.431348e+05
0.000000e+00	7.501918e+05
0.000000e+00	6.535547e+05
0.000000e+00	5.334453e+05
0.000000e+00	4.654991e+05
0.000000e+00	3.800303e+05
0.000000e+00	3.352857e+05
0.000000e+00	2.808590e+05
0.000000e+00	2.445218e+05
0.000000e+00	2.065659e+05
0.000000e+00	1.802151e+05

