ROI name    Roi_1                   Roi_2                    Roi_3                    
ROI area        0.21 cm2                 0.0967 cm2                   0.30 cm2               
user units  mean     std dev  func  mean      std dev  func  mean      std dev  func  
0            983316  208586   no     1088707  163335   no     1521426  130609   no    
0            770159  193401   no      807112  126698   no     1372720  143549   no    
0            515439  161041   no      533378   87346   no     1056962  121966   no    
0            394048  138367   no      423103   75263   no      948300  114755   no    
0            284230  132689   no      283587   60508   no      738362   96500   no    
0            222844  113664   no      247973   58147   no      660577   88880   no    
0            170601  100557   no      158776   48793   no      528630   78718   no    
0            135684   87476   no      143890   40758   no      465405   71566   no    
0            104800   74822   no       97694   40129   no      379586   65413   no    
0             94395   67303   no       78830   33731   no      334293   59372   no    
0             72101   60229   no       72549   34611   no      279010   55222   no    
0             67382   50179   no       52052   30774   no      243509   52400   no    
Title="Plot"
Xaxis="user units"
Yaxis="no scaling"

Line="Roi_1"
0.000000e+00	9.833163e+05
0.000000e+00	7.701587e+05
0.000000e+00	5.154391e+05
0.000000e+00	3.940475e+05
0.000000e+00	2.842296e+05
0.000000e+00	2.228436e+05
0.000000e+00	1.706006e+05
0.000000e+00	1.356841e+05
0.000000e+00	1.048001e+05
0.000000e+00	9.439530e+04
0.000000e+00	7.210058e+04
0.000000e+00	6.738173e+04

Line="Roi_2"
0.000000e+00	1.088707e+06
0.000000e+00	8.071119e+05
0.000000e+00	5.333776e+05
0.000000e+00	4.231026e+05
0.000000e+00	2.835872e+05
0.000000e+00	2.479734e+05
0.000000e+00	1.587762e+05
0.000000e+00	1.438896e+05
0.000000e+00	9.769424e+04
0.000000e+00	7.883008e+04
0.000000e+00	7.254895e+04
0.000000e+00	5.205225e+04

Line="Roi_3"
0.000000e+00	1.521426e+06
0.000000e+00	1.372720e+06
0.000000e+00	1.056962e+06
0.000000e+00	9.482998e+05
0.000000e+00	7.383621e+05
0.000000e+00	6.605771e+05
0.000000e+00	5.286303e+05
0.000000e+00	4.654052e+05
0.000000e+00	3.795856e+05
0.000000e+00	3.342931e+05
0.000000e+00	2.790100e+05
0.000000e+00	2.435089e+05

