ROI name    Roi_1                   Roi_2                   Roi_3                   
ROI area        0.25 cm2                   0.12 cm2                   0.42 cm2               
user units  mean     std dev  func  mean     std dev  func  mean     std dev  func  
0            462683  120617   no     393216  112102   no     680872  174678   no    
0            460333  115862   no     394363  111702   no     674014  180521   no    
0            462393  115357   no     395240  117832   no     671342  177214   no    
0            450650  125480   no     375757  111214   no     680625  174291   no    
0            445892  125632   no     378673   98212   no     673662  175436   no    
0            444405  123781   no     395732  103438   no     676152  174612   no    
0            443588  122064   no     377114  105712   no     668729  179603   no    
0            439770  125917   no     379537   99613   no     668686  173692   no    
0            434087  117100   no     379930  105611   no     672998  166649   no    
0            438708  116370   no     374730  101247   no     664794  174103   no    
0            434399  127830   no     389425  120002   no     665389  169116   no    
0            435913  118053   no     362969  120931   no     663526  165120   no    
0            441981  116583   no     402813  121901   no     661188  160602   no    
0            432407  115847   no     365406  132533   no     658889  151160   no    
0            433735  119953   no     405842  148110   no     662281  140224   no    
0            434098  132829   no     425831  162424   no     655399  138729   no    
0            436427  124164   no     407755  168992   no     653988  133027   no    
0            430786  123808   no     425500  172021   no     655542  130650   no    
0            426275  123101   no     416077  180006   no     654370  135077   no    
0            431359  121103   no     441222  172914   no     656189  135496   no    
0            427575  118092   no     430019  166591   no     658099  139809   no    
0            432623  119733   no     415181  169539   no     657506  142792   no    
0            430476  121795   no     414479  168153   no     651484  147864   no    
0            426103  117734   no     401888  167623   no     655982  145786   no    
0            431227  120487   no     411827  154935   no     658417  146100   no    
0            427802  120315   no     392294  148215   no     659181  149804   no    
0            427170  120598   no     398560  151341   no     657523  149299   no    
0            425690  124432   no     401038  128307   no     659653  160193   no    
0            435879  118598   no     403396  143011   no     658249  155723   no    
0            429336  117967   no     395555  144995   no     655212  159672   no    
0            432119  120866   no     409086  135258   no     653334  159844   no    
0            432549  119749   no     423933  141920   no     661418  153121   no    
Title="Plot"
Xaxis="user units"
Yaxis="no scaling"

Line="Roi_1"
0.000000e+00	4.626826e+05
0.000000e+00	4.603327e+05
0.000000e+00	4.623933e+05
0.000000e+00	4.506497e+05
0.000000e+00	4.458917e+05
0.000000e+00	4.444054e+05
0.000000e+00	4.435883e+05
0.000000e+00	4.397704e+05
0.000000e+00	4.340869e+05
0.000000e+00	4.387080e+05
0.000000e+00	4.343987e+05
0.000000e+00	4.359127e+05
0.000000e+00	4.419806e+05
0.000000e+00	4.324066e+05
0.000000e+00	4.337350e+05
0.000000e+00	4.340984e+05
0.000000e+00	4.364274e+05
0.000000e+00	4.307857e+05
0.000000e+00	4.262751e+05
0.000000e+00	4.313595e+05
0.000000e+00	4.275751e+05
0.000000e+00	4.326234e+05
0.000000e+00	4.304758e+05
0.000000e+00	4.261026e+05
0.000000e+00	4.312271e+05
0.000000e+00	4.278022e+05
0.000000e+00	4.271702e+05
0.000000e+00	4.256898e+05
0.000000e+00	4.358790e+05
0.000000e+00	4.293363e+05
0.000000e+00	4.321186e+05
0.000000e+00	4.325494e+05

Line="Roi_2"
0.000000e+00	3.932165e+05
0.000000e+00	3.943634e+05
0.000000e+00	3.952404e+05
0.000000e+00	3.757569e+05
0.000000e+00	3.786733e+05
0.000000e+00	3.957323e+05
0.000000e+00	3.771145e+05
0.000000e+00	3.795371e+05
0.000000e+00	3.799303e+05
0.000000e+00	3.747303e+05
0.000000e+00	3.894249e+05
0.000000e+00	3.629692e+05
0.000000e+00	4.028131e+05
0.000000e+00	3.654062e+05
0.000000e+00	4.058420e+05
0.000000e+00	4.258311e+05
0.000000e+00	4.077545e+05
0.000000e+00	4.255001e+05
0.000000e+00	4.160772e+05
0.000000e+00	4.412219e+05
0.000000e+00	4.300192e+05
0.000000e+00	4.151813e+05
0.000000e+00	4.144789e+05
0.000000e+00	4.018882e+05
0.000000e+00	4.118274e+05
0.000000e+00	3.922937e+05
0.000000e+00	3.985596e+05
0.000000e+00	4.010381e+05
0.000000e+00	4.033958e+05
0.000000e+00	3.955552e+05
0.000000e+00	4.090865e+05
0.000000e+00	4.239332e+05

Line="Roi_3"
0.000000e+00	6.808717e+05
0.000000e+00	6.740136e+05
0.000000e+00	6.713418e+05
0.000000e+00	6.806253e+05
0.000000e+00	6.736618e+05
0.000000e+00	6.761518e+05
0.000000e+00	6.687293e+05
0.000000e+00	6.686856e+05
0.000000e+00	6.729977e+05
0.000000e+00	6.647941e+05
0.000000e+00	6.653890e+05
0.000000e+00	6.635256e+05
0.000000e+00	6.611883e+05
0.000000e+00	6.588888e+05
0.000000e+00	6.622809e+05
0.000000e+00	6.553987e+05
0.000000e+00	6.539875e+05
0.000000e+00	6.555419e+05
0.000000e+00	6.543704e+05
0.000000e+00	6.561887e+05
0.000000e+00	6.580992e+05
0.000000e+00	6.575064e+05
0.000000e+00	6.514844e+05
0.000000e+00	6.559820e+05
0.000000e+00	6.584166e+05
0.000000e+00	6.591808e+05
0.000000e+00	6.575230e+05
0.000000e+00	6.596533e+05
0.000000e+00	6.582493e+05
0.000000e+00	6.552123e+05
0.000000e+00	6.533340e+05
0.000000e+00	6.614176e+05

