ROI name    Roi_1                   Roi_2                   Roi_3                   Roi_4                   Roi_5                   
ROI area        0.24 cm2                   0.12 cm2                   0.11 cm2                   0.15 cm2                   0.15 cm2               
user units  mean     std dev  func  mean     std dev  func  mean     std dev  func  mean     std dev  func  mean     std dev  func  
0            648833  145365   no     630548  89895.5  no     624751  47909.1  no     575400  138056   no     815253  64670.7  no    
0            492917  112660   no     481858  72035.6  no     468350  36696.3  no     416597  106613   no     728680  66279.2  no    
0            319116   79778   no     323251  57239.2  no     313344  33227.3  no     276899   76246   no     584797  52325.2  no    
0            250341   67086   no     245087  49920.1  no     240966  34471.4  no     208897   60622   no     512436  47681.1  no    
0            169138   51958   no     165342  39611.9  no     162595  29495.9  no     139991   43124   no     418413  48103.6  no    
0            133945   44751   no     131859  35679.5  no     128312  29653.9  no     105388   35427   no     366840  38905.6  no    
0             99078   39001   no      94010  30942.9  no      92582  27780.7  no      70347   22890   no     305453  35088.5  no    
0             81445   36975   no      77007  27087.9  no      78439  28597.8  no      58784   20450   no     265922  34021.6  no    
0             62319   31151   no      57066  27557.6  no      54370  26063.7  no      45493   20125   no     221064  34246.2  no    
0             55350   29486   no      49271  23881.9  no      54164  25971.8  no      34528   15658   no     193689  28453.6  no    
0             43309   24751   no      38715  20847.0  no      45655  24595.5  no      28164   15256   no     160866  27214.5  no    
0             38796   23446   no      34655  21406.8  no      40029  27178.9  no      23442   14010   no     143250  26586.8  no    
Title="Plot"
Xaxis="user units"
Yaxis="no scaling"

Line="Roi_1"
0.000000e+00	6.488328e+05
0.000000e+00	4.929168e+05
0.000000e+00	3.191158e+05
0.000000e+00	2.503405e+05
0.000000e+00	1.691377e+05
0.000000e+00	1.339450e+05
0.000000e+00	9.907788e+04
0.000000e+00	8.144505e+04
0.000000e+00	6.231912e+04
0.000000e+00	5.534976e+04
0.000000e+00	4.330888e+04
0.000000e+00	3.879622e+04

Line="Roi_2"
0.000000e+00	6.305478e+05
0.000000e+00	4.818578e+05
0.000000e+00	3.232512e+05
0.000000e+00	2.450872e+05
0.000000e+00	1.653419e+05
0.000000e+00	1.318588e+05
0.000000e+00	9.401015e+04
0.000000e+00	7.700651e+04
0.000000e+00	5.706555e+04
0.000000e+00	4.927092e+04
0.000000e+00	3.871483e+04
0.000000e+00	3.465506e+04

Line="Roi_3"
0.000000e+00	6.247508e+05
0.000000e+00	4.683502e+05
0.000000e+00	3.133441e+05
0.000000e+00	2.409657e+05
0.000000e+00	1.625952e+05
0.000000e+00	1.283123e+05
0.000000e+00	9.258187e+04
0.000000e+00	7.843878e+04
0.000000e+00	5.437027e+04
0.000000e+00	5.416401e+04
0.000000e+00	4.565510e+04
0.000000e+00	4.002925e+04

Line="Roi_4"
0.000000e+00	5.753995e+05
0.000000e+00	4.165969e+05
0.000000e+00	2.768991e+05
0.000000e+00	2.088968e+05
0.000000e+00	1.399913e+05
0.000000e+00	1.053882e+05
0.000000e+00	7.034683e+04
0.000000e+00	5.878409e+04
0.000000e+00	4.549302e+04
0.000000e+00	3.452808e+04
0.000000e+00	2.816365e+04
0.000000e+00	2.344246e+04

Line="Roi_5"
0.000000e+00	8.152534e+05
0.000000e+00	7.286798e+05
0.000000e+00	5.847974e+05
0.000000e+00	5.124360e+05
0.000000e+00	4.184128e+05
0.000000e+00	3.668397e+05
0.000000e+00	3.054531e+05
0.000000e+00	2.659218e+05
0.000000e+00	2.210635e+05
0.000000e+00	1.936890e+05
0.000000e+00	1.608660e+05
0.000000e+00	1.432495e+05

