ROI name    Roi_1                   Roi_2                   Roi_3                   Roi_4                   
ROI area        0.40 cm2                   0.15 cm2                   0.15 cm2                   0.15 cm2               
user units  mean     std dev  func  mean     std dev  func  mean     std dev  func  mean     std dev  func  
0            219533  56072.1  no     177661   51993   no     187898  86395.8  no     138409  29955.3  no    
0            215696  53944.5  no     164420   47207   no     196753  85883.2  no     142343  34321.2  no    
0            210202  50466.7  no     176473   51919   no     190873  85953.0  no     138399  30804.0  no    
0            214602  51432.1  no     173743   49878   no     198217  78649.0  no     137567  33402.4  no    
0            211420  48901.0  no     170178   41615   no     193318  86304.3  no     138582  39866.1  no    
0            212246  50111.3  no     182555   51473   no     191110  78666.3  no     140397  36981.9  no    
0            210303  51602.1  no     180578   47899   no     193139  73914.7  no     138309  37378.6  no    
0            211011  55048.3  no     188103   48261   no     195892  80685.9  no     141936  29994.7  no    
0            207253  58507.5  no     180079   49223   no     194742  83926.1  no     135944  40587.5  no    
0            210932  50720.8  no     177123   57580   no     190866  79957.5  no     134861  34236.9  no    
0            211937  55999.8  no     194912   80729   no     185215  76446.0  no     133634  38786.6  no    
0            215275  59585.9  no     204933   95236   no     203718  71288.9  no     138470  39480.3  no    
0            215822  64141.8  no     215758  101863   no     195170  76863.1  no     142794  44035.8  no    
0            211986  57798.4  no     212695  111078   no     197358  77463.5  no     136325  43667.7  no    
0            216183  66208.2  no     232796  138379   no     191010  77999.2  no     139915  42364.5  no    
0            212149  69273.6  no     225268  138757   no     193277  83112.7  no     132028  48117.9  no    
0            217817  67346.4  no     222336  139165   no     190440  74111.4  no     127369  35747.3  no    
0            215279  68592.8  no     221070  154567   no     190552  83538.4  no     126633  53119.2  no    
0            212146  71426.3  no     223502  156427   no     187427  79399.3  no     134638  48102.4  no    
0            216535  69682.9  no     213006  148206   no     191288  78243.3  no     128742  48953.4  no    
0            215456  68317.7  no     227531  151112   no     185819  65854.7  no     129859  43812.2  no    
0            217346  68935.4  no     224010  148661   no     188283  72451.5  no     131186  39252.5  no    
0            211751  64446.6  no     218144  132711   no     189808  70940.3  no     133404  42036.9  no    
0            210031  66328.6  no     202011  124142   no     185814  72820.5  no     142408  42920.3  no    
0            205522  63799.0  no     209626  125043   no     189688  65756.4  no     139445  41364.8  no    
0            215116  62175.0  no     212632  108441   no     180135  68874.9  no     132006  37427.7  no    
0            203507  57170.6  no     200399   99864   no     188831  64110.5  no     124034  42362.9  no    
0            207983  59470.8  no     184986   86575   no     182124  67630.3  no     136440  36652.4  no    
0            203330  54425.6  no     189205   85835   no     185989  66840.3  no     138912  35590.9  no    
0            202258  59783.6  no     192396   82704   no     188136  65405.6  no     136998  36003.4  no    
0            204366  59349.7  no     210332  101169   no     185141  63091.7  no     125875  45928.8  no    
0            204621  59690.9  no     194264  100349   no     187618  64143.2  no     138408  35617.3  no    
Title="Plot"
Xaxis="user units"
Yaxis="no scaling"

Line="Roi_1"
0.000000e+00	2.195329e+05
0.000000e+00	2.156956e+05
0.000000e+00	2.102021e+05
0.000000e+00	2.146023e+05
0.000000e+00	2.114197e+05
0.000000e+00	2.122460e+05
0.000000e+00	2.103034e+05
0.000000e+00	2.110110e+05
0.000000e+00	2.072533e+05
0.000000e+00	2.109315e+05
0.000000e+00	2.119365e+05
0.000000e+00	2.152747e+05
0.000000e+00	2.158221e+05
0.000000e+00	2.119856e+05
0.000000e+00	2.161830e+05
0.000000e+00	2.121488e+05
0.000000e+00	2.178172e+05
0.000000e+00	2.152788e+05
0.000000e+00	2.121458e+05
0.000000e+00	2.165349e+05
0.000000e+00	2.154563e+05
0.000000e+00	2.173460e+05
0.000000e+00	2.117505e+05
0.000000e+00	2.100311e+05
0.000000e+00	2.055216e+05
0.000000e+00	2.151163e+05
0.000000e+00	2.035070e+05
0.000000e+00	2.079829e+05
0.000000e+00	2.033299e+05
0.000000e+00	2.022577e+05
0.000000e+00	2.043664e+05
0.000000e+00	2.046207e+05

Line="Roi_2"
0.000000e+00	1.776606e+05
0.000000e+00	1.644201e+05
0.000000e+00	1.764725e+05
0.000000e+00	1.737426e+05
0.000000e+00	1.701780e+05
0.000000e+00	1.825548e+05
0.000000e+00	1.805779e+05
0.000000e+00	1.881031e+05
0.000000e+00	1.800788e+05
0.000000e+00	1.771232e+05
0.000000e+00	1.949117e+05
0.000000e+00	2.049329e+05
0.000000e+00	2.157583e+05
0.000000e+00	2.126947e+05
0.000000e+00	2.327964e+05
0.000000e+00	2.252682e+05
0.000000e+00	2.223357e+05
0.000000e+00	2.210702e+05
0.000000e+00	2.235019e+05
0.000000e+00	2.130064e+05
0.000000e+00	2.275309e+05
0.000000e+00	2.240104e+05
0.000000e+00	2.181438e+05
0.000000e+00	2.020106e+05
0.000000e+00	2.096259e+05
0.000000e+00	2.126316e+05
0.000000e+00	2.003990e+05
0.000000e+00	1.849858e+05
0.000000e+00	1.892047e+05
0.000000e+00	1.923961e+05
0.000000e+00	2.103325e+05
0.000000e+00	1.942638e+05

Line="Roi_3"
0.000000e+00	1.878976e+05
0.000000e+00	1.967530e+05
0.000000e+00	1.908728e+05
0.000000e+00	1.982169e+05
0.000000e+00	1.933180e+05
0.000000e+00	1.911101e+05
0.000000e+00	1.931393e+05
0.000000e+00	1.958918e+05
0.000000e+00	1.947421e+05
0.000000e+00	1.908664e+05
0.000000e+00	1.852154e+05
0.000000e+00	2.037185e+05
0.000000e+00	1.951701e+05
0.000000e+00	1.973577e+05
0.000000e+00	1.910104e+05
0.000000e+00	1.932775e+05
0.000000e+00	1.904401e+05
0.000000e+00	1.905516e+05
0.000000e+00	1.874271e+05
0.000000e+00	1.912879e+05
0.000000e+00	1.858190e+05
0.000000e+00	1.882833e+05
0.000000e+00	1.898079e+05
0.000000e+00	1.858135e+05
0.000000e+00	1.896878e+05
0.000000e+00	1.801348e+05
0.000000e+00	1.888307e+05
0.000000e+00	1.821244e+05
0.000000e+00	1.859893e+05
0.000000e+00	1.881358e+05
0.000000e+00	1.851405e+05
0.000000e+00	1.876176e+05

Line="Roi_4"
0.000000e+00	1.384087e+05
0.000000e+00	1.423431e+05
0.000000e+00	1.383988e+05
0.000000e+00	1.375669e+05
0.000000e+00	1.385822e+05
0.000000e+00	1.403968e+05
0.000000e+00	1.383090e+05
0.000000e+00	1.419360e+05
0.000000e+00	1.359442e+05
0.000000e+00	1.348607e+05
0.000000e+00	1.336344e+05
0.000000e+00	1.384698e+05
0.000000e+00	1.427936e+05
0.000000e+00	1.363254e+05
0.000000e+00	1.399147e+05
0.000000e+00	1.320281e+05
0.000000e+00	1.273693e+05
0.000000e+00	1.266326e+05
0.000000e+00	1.346382e+05
0.000000e+00	1.287421e+05
0.000000e+00	1.298592e+05
0.000000e+00	1.311864e+05
0.000000e+00	1.334043e+05
0.000000e+00	1.424081e+05
0.000000e+00	1.394448e+05
0.000000e+00	1.320056e+05
0.000000e+00	1.240339e+05
0.000000e+00	1.364400e+05
0.000000e+00	1.389120e+05
0.000000e+00	1.369981e+05
0.000000e+00	1.258746e+05
0.000000e+00	1.384078e+05

