ROI name    Roi_1                   Roi_2                   Roi_3                   Roi_4                   
ROI area        0.45 cm2                 0.0923 cm2                   0.19 cm2                   0.14 cm2               
user units  mean     std dev  func  mean     std dev  func  mean     std dev  func  mean     std dev  func  
0            545884  98173.6  no     533285  68890.0  no     523950  47565.8  no     504701  113525   no    
0            415734  88698.9  no     430568  75644.1  no     395193  38939.2  no     368251   89394   no    
0            276376  76633.7  no     279762  65878.4  no     255683  31621.5  no     252499   57645   no    
0            221845  73047.8  no     237615  72753.7  no     189152  26411.9  no     182765   46663   no    
0            154647  70147.5  no     160582  61384.8  no     130647  22939.9  no     122913   35177   no    
0            128416  66354.5  no     139538  61900.8  no     100310  20881.4  no     103674   29382   no    
0             96000  62569.2  no     100966  51352.8  no      70829  18814.9  no      65720   22273   no    
0             82643  57454.5  no      81298  56182.7  no      58761  16040.0  no      63286   21717   no    
0             66678  53662.8  no      69834  49113.3  no      38839  15620.0  no      39134   18295   no    
0             58501  50355.6  no      59761  45618.3  no      35913  15595.8  no      39858   18004   no    
0             48491  44894.9  no      49304  40478.9  no      28253  14054.2  no      23838   12704   no    
0             45290  43506.9  no      44848  35509.5  no      26194  12265.9  no      27547   13819   no    
Title="Plot"
Xaxis="user units"
Yaxis="no scaling"

Line="Roi_1"
0.000000e+00	5.458836e+05
0.000000e+00	4.157341e+05
0.000000e+00	2.763759e+05
0.000000e+00	2.218453e+05
0.000000e+00	1.546466e+05
0.000000e+00	1.284156e+05
0.000000e+00	9.600019e+04
0.000000e+00	8.264321e+04
0.000000e+00	6.667767e+04
0.000000e+00	5.850145e+04
0.000000e+00	4.849066e+04
0.000000e+00	4.528978e+04

Line="Roi_2"
0.000000e+00	5.332849e+05
0.000000e+00	4.305680e+05
0.000000e+00	2.797624e+05
0.000000e+00	2.376147e+05
0.000000e+00	1.605816e+05
0.000000e+00	1.395383e+05
0.000000e+00	1.009662e+05
0.000000e+00	8.129825e+04
0.000000e+00	6.983356e+04
0.000000e+00	5.976095e+04
0.000000e+00	4.930371e+04
0.000000e+00	4.484759e+04

Line="Roi_3"
0.000000e+00	5.239496e+05
0.000000e+00	3.951928e+05
0.000000e+00	2.556826e+05
0.000000e+00	1.891523e+05
0.000000e+00	1.306467e+05
0.000000e+00	1.003101e+05
0.000000e+00	7.082930e+04
0.000000e+00	5.876144e+04
0.000000e+00	3.883867e+04
0.000000e+00	3.591296e+04
0.000000e+00	2.825283e+04
0.000000e+00	2.619405e+04

Line="Roi_4"
0.000000e+00	5.047013e+05
0.000000e+00	3.682505e+05
0.000000e+00	2.524988e+05
0.000000e+00	1.827646e+05
0.000000e+00	1.229125e+05
0.000000e+00	1.036739e+05
0.000000e+00	6.571960e+04
0.000000e+00	6.328589e+04
0.000000e+00	3.913385e+04
0.000000e+00	3.985813e+04
0.000000e+00	2.383773e+04
0.000000e+00	2.754669e+04

