ROI name    Roi_1                   Roi_2                   Roi_3                   Roi_4                   
ROI area        0.41 cm2                   0.11 cm2                   0.16 cm2                 0.0762 cm2               
user units  mean     std dev  func  mean     std dev  func  mean     std dev  func  mean     std dev  func  
0            222405  61795.4  no     175583  53971.0  no     181139  38575.8  no     183535  43681.2  no    
0            224678  63718.9  no     183879  59311.2  no     185759  35189.7  no     180281  36324.3  no    
0            225833  62494.5  no     188930  58134.4  no     185641  36265.5  no     170978  40330.6  no    
0            221386  60223.5  no     175936  58159.4  no     194261  34328.9  no     163622  36922.0  no    
0            219594  63910.0  no     190617  58150.1  no     189131  45118.8  no     160569  38898.7  no    
0            220195  56181.7  no     178366  61630.5  no     188621  40018.4  no     169739  36678.6  no    
0            221730  65093.4  no     189155  63883.2  no     186255  33367.8  no     175508  43151.5  no    
0            223520  60794.2  no     194391  48396.1  no     185997  40838.3  no     164298  38644.2  no    
0            221028  61677.5  no     173457  59064.6  no     184444  34518.6  no     154825  31933.2  no    
0            216835  57729.5  no     193182  53631.0  no     187910  38455.6  no     158550  29254.9  no    
0            219803  60267.5  no     192548  57278.1  no     184873  37138.2  no     172865  40273.3  no    
0            228750  63269.8  no     182712  49053.9  no     176602  43877.4  no     183741  31833.9  no    
0            222561  78789.4  no     176329  63005.1  no     200575  43758.2  no     177883  24082.7  no    
0            218765  70057.7  no     186526  54110.7  no     184469  28953.9  no     183359  35040.4  no    
0            221002  63857.4  no     181068  55205.8  no     191020  41231.1  no     171146  32317.3  no    
0            222143  61554.9  no     178488  52957.8  no     193647  38180.7  no     173763  34564.8  no    
0            218481  67749.4  no     189161  50486.0  no     184471  41847.5  no     161723  39781.6  no    
0            219152  64403.8  no     188296  66552.7  no     201855  36261.4  no     165995  44664.1  no    
0            219508  64828.6  no     188559  58461.7  no     189401  31551.1  no     171826  42509.6  no    
0            218180  60739.8  no     178209  49409.4  no     194566  42100.4  no     168386  36567.3  no    
0            213704  66722.9  no     180383  49227.7  no     190126  32646.2  no     167945  37020.5  no    
0            219896  60742.8  no     177536  51725.4  no     187051  30906.1  no     162182  32738.8  no    
0            213158  66454.6  no     177192  48275.1  no     190101  34808.7  no     176937  32535.7  no    
0            221721  65737.5  no     193036  48085.5  no     192332  35167.1  no     164157  42002.5  no    
0            218923  71100.8  no     190739  44663.6  no     189127  39515.0  no     161044  37002.4  no    
0            217590  63580.9  no     191634  45645.4  no     198504  37283.0  no     173236  36025.2  no    
0            219669  62988.4  no     194967  48278.0  no     198397  36495.4  no     161677  34401.0  no    
0            216673  65201.2  no     193723  50204.9  no     189821  35868.6  no     159269  27321.5  no    
0            216331  67288.4  no     195919  55377.1  no     186664  33462.6  no     161152  33333.8  no    
0            219058  67310.0  no     196704  54908.0  no     196478  29399.3  no     157361  34459.8  no    
0            220371  71856.2  no     197203  67880.2  no     194167  36233.4  no     160466  32033.5  no    
0            218552  70898.1  no     202766  58225.8  no     192798  43540.8  no     169684  25007.4  no    
Title="Plot"
Xaxis="user units"
Yaxis="no scaling"

Line="Roi_1"
0.000000e+00	2.224047e+05
0.000000e+00	2.246781e+05
0.000000e+00	2.258327e+05
0.000000e+00	2.213863e+05
0.000000e+00	2.195945e+05
0.000000e+00	2.201954e+05
0.000000e+00	2.217302e+05
0.000000e+00	2.235204e+05
0.000000e+00	2.210284e+05
0.000000e+00	2.168349e+05
0.000000e+00	2.198033e+05
0.000000e+00	2.287501e+05
0.000000e+00	2.225607e+05
0.000000e+00	2.187650e+05
0.000000e+00	2.210019e+05
0.000000e+00	2.221431e+05
0.000000e+00	2.184811e+05
0.000000e+00	2.191524e+05
0.000000e+00	2.195079e+05
0.000000e+00	2.181798e+05
0.000000e+00	2.137045e+05
0.000000e+00	2.198961e+05
0.000000e+00	2.131577e+05
0.000000e+00	2.217213e+05
0.000000e+00	2.189230e+05
0.000000e+00	2.175903e+05
0.000000e+00	2.196691e+05
0.000000e+00	2.166731e+05
0.000000e+00	2.163307e+05
0.000000e+00	2.190581e+05
0.000000e+00	2.203713e+05
0.000000e+00	2.185516e+05

Line="Roi_2"
0.000000e+00	1.755828e+05
0.000000e+00	1.838790e+05
0.000000e+00	1.889304e+05
0.000000e+00	1.759362e+05
0.000000e+00	1.906174e+05
0.000000e+00	1.783658e+05
0.000000e+00	1.891547e+05
0.000000e+00	1.943906e+05
0.000000e+00	1.734573e+05
0.000000e+00	1.931824e+05
0.000000e+00	1.925480e+05
0.000000e+00	1.827115e+05
0.000000e+00	1.763291e+05
0.000000e+00	1.865260e+05
0.000000e+00	1.810681e+05
0.000000e+00	1.784883e+05
0.000000e+00	1.891613e+05
0.000000e+00	1.882964e+05
0.000000e+00	1.885591e+05
0.000000e+00	1.782095e+05
0.000000e+00	1.803834e+05
0.000000e+00	1.775363e+05
0.000000e+00	1.771920e+05
0.000000e+00	1.930357e+05
0.000000e+00	1.907387e+05
0.000000e+00	1.916335e+05
0.000000e+00	1.949667e+05
0.000000e+00	1.937230e+05
0.000000e+00	1.959191e+05
0.000000e+00	1.967044e+05
0.000000e+00	1.972035e+05
0.000000e+00	2.027655e+05

Line="Roi_3"
0.000000e+00	1.811386e+05
0.000000e+00	1.857591e+05
0.000000e+00	1.856406e+05
0.000000e+00	1.942615e+05
0.000000e+00	1.891306e+05
0.000000e+00	1.886215e+05
0.000000e+00	1.862552e+05
0.000000e+00	1.859966e+05
0.000000e+00	1.844443e+05
0.000000e+00	1.879096e+05
0.000000e+00	1.848728e+05
0.000000e+00	1.766023e+05
0.000000e+00	2.005754e+05
0.000000e+00	1.844690e+05
0.000000e+00	1.910201e+05
0.000000e+00	1.936467e+05
0.000000e+00	1.844706e+05
0.000000e+00	2.018548e+05
0.000000e+00	1.894007e+05
0.000000e+00	1.945662e+05
0.000000e+00	1.901264e+05
0.000000e+00	1.870515e+05
0.000000e+00	1.901006e+05
0.000000e+00	1.923323e+05
0.000000e+00	1.891274e+05
0.000000e+00	1.985035e+05
0.000000e+00	1.983970e+05
0.000000e+00	1.898213e+05
0.000000e+00	1.866643e+05
0.000000e+00	1.964776e+05
0.000000e+00	1.941668e+05
0.000000e+00	1.927977e+05

Line="Roi_4"
0.000000e+00	1.835348e+05
0.000000e+00	1.802813e+05
0.000000e+00	1.709784e+05
0.000000e+00	1.636216e+05
0.000000e+00	1.605694e+05
0.000000e+00	1.697395e+05
0.000000e+00	1.755082e+05
0.000000e+00	1.642977e+05
0.000000e+00	1.548254e+05
0.000000e+00	1.585499e+05
0.000000e+00	1.728647e+05
0.000000e+00	1.837407e+05
0.000000e+00	1.778831e+05
0.000000e+00	1.833588e+05
0.000000e+00	1.711459e+05
0.000000e+00	1.737628e+05
0.000000e+00	1.617231e+05
0.000000e+00	1.659948e+05
0.000000e+00	1.718263e+05
0.000000e+00	1.683858e+05
0.000000e+00	1.679452e+05
0.000000e+00	1.621823e+05
0.000000e+00	1.769371e+05
0.000000e+00	1.641565e+05
0.000000e+00	1.610444e+05
0.000000e+00	1.732363e+05
0.000000e+00	1.616770e+05
0.000000e+00	1.592687e+05
0.000000e+00	1.611520e+05
0.000000e+00	1.573612e+05
0.000000e+00	1.604663e+05
0.000000e+00	1.696843e+05

