ROI name    Roi_1                    Roi_2                   Roi_3                    
ROI area        0.25 cm2                 0.0835 cm2                   0.31 cm2               
user units  mean      std dev  func  mean     std dev  func  mean      std dev  func  
0            1008594  221814   no     948165  159759   no     1544027  62912.3  no    
0             806913  198277   no     690575  112140   no     1380668  66307.7  no    
0             547063  154673   no     464409   82069   no     1094233  68281.2  no    
0             446052  142305   no     351588   58008   no      968831  67363.6  no    
0             326264  124620   no     231574   49646   no      771498  65090.5  no    
0             271600  112667   no     210843   43173   no      690002  62752.4  no    
0             211335  103924   no     117607   40459   no      552057  59800.6  no    
0             183173   92723   no     136953   36856   no      494034  58033.9  no    
0             148135   83073   no      82707   33599   no      401229  53373.0  no    
0             128703   77418   no      88859   38213   no      349478  50170.3  no    
0             106854   63164   no      65993   30639   no      294937  47671.9  no    
0             100877   62841   no      51311   23294   no      256074  43314.0  no    
Title="Plot"
Xaxis="user units"
Yaxis="no scaling"

Line="Roi_1"
0.000000e+00	1.008594e+06
0.000000e+00	8.069126e+05
0.000000e+00	5.470628e+05
0.000000e+00	4.460523e+05
0.000000e+00	3.262641e+05
0.000000e+00	2.716004e+05
0.000000e+00	2.113349e+05
0.000000e+00	1.831730e+05
0.000000e+00	1.481347e+05
0.000000e+00	1.287032e+05
0.000000e+00	1.068536e+05
0.000000e+00	1.008767e+05

Line="Roi_2"
0.000000e+00	9.481649e+05
0.000000e+00	6.905750e+05
0.000000e+00	4.644092e+05
0.000000e+00	3.515877e+05
0.000000e+00	2.315741e+05
0.000000e+00	2.108434e+05
0.000000e+00	1.176069e+05
0.000000e+00	1.369534e+05
0.000000e+00	8.270722e+04
0.000000e+00	8.885874e+04
0.000000e+00	6.599302e+04
0.000000e+00	5.131138e+04

Line="Roi_3"
0.000000e+00	1.544027e+06
0.000000e+00	1.380668e+06
0.000000e+00	1.094233e+06
0.000000e+00	9.688309e+05
0.000000e+00	7.714983e+05
0.000000e+00	6.900018e+05
0.000000e+00	5.520567e+05
0.000000e+00	4.940341e+05
0.000000e+00	4.012291e+05
0.000000e+00	3.494775e+05
0.000000e+00	2.949374e+05
0.000000e+00	2.560745e+05

