ROI name    Roi_1                   Roi_2                   Roi_3                   
ROI area        0.18 cm2                   0.12 cm2                   0.12 cm2               
user units  mean     std dev  func  mean     std dev  func  mean     std dev  func  
0            320278  56034.6  no     337050  155833   no     520088  64029.8  no    
0            325235  51735.5  no     318168  161323   no     517415  69720.1  no    
0            330161  42021.8  no     348813  156060   no     519877  76019.0  no    
0            327007  53469.5  no     344443  131983   no     519831  66505.3  no    
0            316592  49159.6  no     348736  131823   no     526098  72173.5  no    
0            320114  55558.7  no     324379  147994   no     526740  64762.3  no    
0            319639  43644.6  no     343386  167757   no     518646  64085.5  no    
0            324421  50807.6  no     366423  172636   no     528254  65042.1  no    
0            314487  44220.4  no     342179  184947   no     530496  60039.9  no    
0            321776  45436.0  no     356114  189922   no     520896  64215.1  no    
0            324575  51342.0  no     344453  184007   no     528715  59350.2  no    
0            328289  49068.8  no     365840  155490   no     521192  60276.3  no    
0            328890  56032.2  no     378936  168275   no     510479  50049.7  no    
0            318455  47618.3  no     390208  166541   no     519560  62787.0  no    
0            322991  55869.2  no     336840  170598   no     512727  58020.9  no    
0            316238  38809.2  no     344369  170608   no     518583  67007.0  no    
0            313935  39974.8  no     335174  173275   no     507383  55698.6  no    
0            315363  45371.7  no     357709  157556   no     519423  52386.0  no    
0            323928  44298.5  no     337126  166259   no     518155  59475.6  no    
0            321736  38726.5  no     341033  154136   no     508079  54878.6  no    
0            327094  39526.6  no     373011  184238   no     513778  54820.9  no    
0            319961  47927.6  no     365574  198545   no     521005  61686.8  no    
0            317398  39563.9  no     383002  204136   no     517291  39578.0  no    
0            312794  47027.6  no     431558  224033   no     507662  55071.5  no    
0            317639  45080.6  no     447113  220963   no     507197  50167.8  no    
0            308474  54133.1  no     387868  237904   no     508330  52470.2  no    
0            316788  36285.1  no     416881  248696   no     511008  50537.2  no    
0            311702  44772.8  no     396672  241550   no     506329  52159.7  no    
0            313787  46849.2  no     420606  238292   no     511193  52884.3  no    
0            315251  50448.4  no     412867  256448   no     512561  50736.0  no    
0            316951  41957.7  no     394504  264294   no     504015  46226.3  no    
0            307652  41120.9  no     449509  261010   no     506966  54193.5  no    
Title="Plot"
Xaxis="user units"
Yaxis="no scaling"

Line="Roi_1"
0.000000e+00	3.202782e+05
0.000000e+00	3.252346e+05
0.000000e+00	3.301612e+05
0.000000e+00	3.270072e+05
0.000000e+00	3.165924e+05
0.000000e+00	3.201145e+05
0.000000e+00	3.196393e+05
0.000000e+00	3.244212e+05
0.000000e+00	3.144868e+05
0.000000e+00	3.217762e+05
0.000000e+00	3.245749e+05
0.000000e+00	3.282889e+05
0.000000e+00	3.288900e+05
0.000000e+00	3.184546e+05
0.000000e+00	3.229912e+05
0.000000e+00	3.162380e+05
0.000000e+00	3.139351e+05
0.000000e+00	3.153628e+05
0.000000e+00	3.239284e+05
0.000000e+00	3.217363e+05
0.000000e+00	3.270945e+05
0.000000e+00	3.199612e+05
0.000000e+00	3.173978e+05
0.000000e+00	3.127936e+05
0.000000e+00	3.176391e+05
0.000000e+00	3.084736e+05
0.000000e+00	3.167883e+05
0.000000e+00	3.117015e+05
0.000000e+00	3.137866e+05
0.000000e+00	3.152509e+05
0.000000e+00	3.169512e+05
0.000000e+00	3.076517e+05

Line="Roi_2"
0.000000e+00	3.370496e+05
0.000000e+00	3.181678e+05
0.000000e+00	3.488135e+05
0.000000e+00	3.444431e+05
0.000000e+00	3.487362e+05
0.000000e+00	3.243789e+05
0.000000e+00	3.433864e+05
0.000000e+00	3.664233e+05
0.000000e+00	3.421790e+05
0.000000e+00	3.561135e+05
0.000000e+00	3.444526e+05
0.000000e+00	3.658397e+05
0.000000e+00	3.789355e+05
0.000000e+00	3.902077e+05
0.000000e+00	3.368402e+05
0.000000e+00	3.443688e+05
0.000000e+00	3.351737e+05
0.000000e+00	3.577087e+05
0.000000e+00	3.371262e+05
0.000000e+00	3.410331e+05
0.000000e+00	3.730110e+05
0.000000e+00	3.655740e+05
0.000000e+00	3.830016e+05
0.000000e+00	4.315584e+05
0.000000e+00	4.471130e+05
0.000000e+00	3.878683e+05
0.000000e+00	4.168815e+05
0.000000e+00	3.966723e+05
0.000000e+00	4.206056e+05
0.000000e+00	4.128675e+05
0.000000e+00	3.945041e+05
0.000000e+00	4.495093e+05

Line="Roi_3"
0.000000e+00	5.200883e+05
0.000000e+00	5.174145e+05
0.000000e+00	5.198771e+05
0.000000e+00	5.198310e+05
0.000000e+00	5.260975e+05
0.000000e+00	5.267404e+05
0.000000e+00	5.186458e+05
0.000000e+00	5.282538e+05
0.000000e+00	5.304961e+05
0.000000e+00	5.208961e+05
0.000000e+00	5.287146e+05
0.000000e+00	5.211922e+05
0.000000e+00	5.104785e+05
0.000000e+00	5.195599e+05
0.000000e+00	5.127266e+05
0.000000e+00	5.185826e+05
0.000000e+00	5.073831e+05
0.000000e+00	5.194232e+05
0.000000e+00	5.181549e+05
0.000000e+00	5.080795e+05
0.000000e+00	5.137782e+05
0.000000e+00	5.210054e+05
0.000000e+00	5.172909e+05
0.000000e+00	5.076618e+05
0.000000e+00	5.071969e+05
0.000000e+00	5.083298e+05
0.000000e+00	5.110075e+05
0.000000e+00	5.063292e+05
0.000000e+00	5.111926e+05
0.000000e+00	5.125614e+05
0.000000e+00	5.040151e+05
0.000000e+00	5.069662e+05

