ROI name    Roi_1                   Roi_2                   Roi_3                   Roi_4                   
ROI area        0.45 cm2                 0.0571 cm2                   0.30 cm2                   0.12 cm2               
user units  mean     std dev  func  mean     std dev  func  mean     std dev  func  mean     std dev  func  
0            473867  154869   no     454245  128842   no     418304  52215.7  no     524502  112113   no    
0            384334  149636   no     382557  116653   no     327788  51290.2  no     425095  107225   no    
0            255485  129562   no     279935   88078   no     209389  43561.0  no     305476   94925   no    
0            211377  116736   no     234159   76840   no     164364  41076.2  no     246461   88565   no    
0            151100  103881   no     182641   60146   no     108803  34298.8  no     184841   78730   no    
0            125863   96696   no     158749   54071   no      88524  32018.9  no     158318   75857   no    
0            100039   87497   no     129250   46960   no      62345  28405.9  no     125568   68880   no    
0             86257   82904   no     116830   46691   no      52751  27628.8  no     112972   62489   no    
0             69909   75403   no      94439   36898   no      40204  24861.4  no      92613   58454   no    
0             65602   71457   no      90595   40236   no      33241  24819.0  no      84694   51816   no    
0             54656   67575   no      81643   35190   no      32536  21158.6  no      76747   50200   no    
0             49183   62712   no      73344   34948   no      28019  20032.5  no      68624   46799   no    
Title="Plot"
Xaxis="user units"
Yaxis="no scaling"

Line="Roi_1"
0.000000e+00	4.738673e+05
0.000000e+00	3.843342e+05
0.000000e+00	2.554847e+05
0.000000e+00	2.113773e+05
0.000000e+00	1.510996e+05
0.000000e+00	1.258630e+05
0.000000e+00	1.000394e+05
0.000000e+00	8.625730e+04
0.000000e+00	6.990907e+04
0.000000e+00	6.560177e+04
0.000000e+00	5.465592e+04
0.000000e+00	4.918307e+04

Line="Roi_2"
0.000000e+00	4.542447e+05
0.000000e+00	3.825574e+05
0.000000e+00	2.799347e+05
0.000000e+00	2.341593e+05
0.000000e+00	1.826405e+05
0.000000e+00	1.587489e+05
0.000000e+00	1.292497e+05
0.000000e+00	1.168299e+05
0.000000e+00	9.443923e+04
0.000000e+00	9.059534e+04
0.000000e+00	8.164330e+04
0.000000e+00	7.334395e+04

Line="Roi_3"
0.000000e+00	4.183038e+05
0.000000e+00	3.277885e+05
0.000000e+00	2.093889e+05
0.000000e+00	1.643639e+05
0.000000e+00	1.088033e+05
0.000000e+00	8.852389e+04
0.000000e+00	6.234520e+04
0.000000e+00	5.275130e+04
0.000000e+00	4.020401e+04
0.000000e+00	3.324053e+04
0.000000e+00	3.253567e+04
0.000000e+00	2.801912e+04

Line="Roi_4"
0.000000e+00	5.245022e+05
0.000000e+00	4.250950e+05
0.000000e+00	3.054759e+05
0.000000e+00	2.464613e+05
0.000000e+00	1.848407e+05
0.000000e+00	1.583178e+05
0.000000e+00	1.255676e+05
0.000000e+00	1.129720e+05
0.000000e+00	9.261324e+04
0.000000e+00	8.469446e+04
0.000000e+00	7.674734e+04
0.000000e+00	6.862442e+04

