ROI name    Roi_1                   Roi_2                   Roi_3                   Roi_4                   
ROI area        0.49 cm2                   0.11 cm2                   0.23 cm2                   0.16 cm2               
user units  mean     std dev  func  mean     std dev  func  mean     std dev  func  mean     std dev  func  
0            218340  59478.3  no     299321  163004   no     192568  42193.6  no     197919  69772.4  no    
0            218176  61452.7  no     295446  162903   no     191660  39864.4  no     199927  75909.0  no    
0            222653  62621.1  no     289833  162328   no     190959  33822.9  no     183892  68421.3  no    
0            218815  61105.7  no     293466  162747   no     193683  39143.0  no     192874  63553.5  no    
0            215711  58280.6  no     285339  154811   no     179671  38530.1  no     181751  59984.6  no    
0            212082  54407.7  no     279363  144703   no     195188  34218.8  no     207314  67432.7  no    
0            213718  58650.0  no     278259  124964   no     190962  39316.2  no     202709  56966.5  no    
0            211417  57773.7  no     281202  135895   no     193154  37432.9  no     202863  61646.0  no    
0            216573  57451.3  no     258696  120871   no     191623  39560.2  no     191856  58507.0  no    
0            212867  56401.4  no     249126  124604   no     187863  32337.3  no     193562  61254.6  no    
0            208792  57777.1  no     271923  130865   no     194341  32872.5  no     212689  61947.4  no    
0            214205  59553.9  no     294807  154028   no     184853  33918.1  no     174110  74344.0  no    
0            206900  61703.8  no     301335  160616   no     188709  37101.0  no     208970  71947.9  no    
0            206871  59145.3  no     292569  196661   no     182474  37926.1  no     180331  69223.9  no    
0            215241  62991.6  no     313725  197286   no     181101  37325.4  no     192237  83161.4  no    
0            213955  59518.7  no     333729  219826   no     183326  34643.2  no     201682  83485.6  no    
0            214160  63003.5  no     349383  219927   no     180308  40063.6  no     205378  81058.6  no    
0            215835  69275.8  no     330066  231806   no     176000  40688.6  no     197773  81743.1  no    
0            214394  66974.4  no     345458  224984   no     182759  37044.6  no     208316  77674.9  no    
0            213256  66860.0  no     325615  209569   no     178965  32474.9  no     202428  84971.2  no    
0            214515  64035.0  no     323231  215464   no     178333  35973.7  no     196191  80910.4  no    
0            210353  63314.9  no     323576  199564   no     175685  34990.3  no     191849  77642.6  no    
0            206305  65231.2  no     325985  180919   no     189892  35809.3  no     198862  72187.9  no    
0            208757  58993.0  no     298349  192593   no     176539  35345.5  no     173450  65598.6  no    
0            213213  57758.1  no     316876  183972   no     185595  35031.6  no     207585  64609.9  no    
0            207209  61329.4  no     319203  199332   no     180823  35796.5  no     179186  67215.5  no    
0            207917  62496.5  no     340196  197049   no     184404  29532.8  no     199487  70158.0  no    
0            209823  64533.6  no     330706  200499   no     187459  33156.6  no     214327  80634.9  no    
0            209965  64516.5  no     350457  216915   no     173157  33502.2  no     185009  77470.1  no    
0            213250  62919.5  no     365667  227508   no     177339  36058.4  no     202461  79509.2  no    
0            213195  62693.0  no     353547  238120   no     168275  33933.3  no     183803  91923.2  no    
0            208379  62907.2  no     374489  237651   no     179016  32850.3  no     201640  94352.0  no    
Title="Plot"
Xaxis="user units"
Yaxis="no scaling"

Line="Roi_1"
0.000000e+00	2.183402e+05
0.000000e+00	2.181755e+05
0.000000e+00	2.226533e+05
0.000000e+00	2.188155e+05
0.000000e+00	2.157108e+05
0.000000e+00	2.120822e+05
0.000000e+00	2.137176e+05
0.000000e+00	2.114172e+05
0.000000e+00	2.165728e+05
0.000000e+00	2.128666e+05
0.000000e+00	2.087920e+05
0.000000e+00	2.142045e+05
0.000000e+00	2.068996e+05
0.000000e+00	2.068711e+05
0.000000e+00	2.152409e+05
0.000000e+00	2.139551e+05
0.000000e+00	2.141600e+05
0.000000e+00	2.158353e+05
0.000000e+00	2.143937e+05
0.000000e+00	2.132557e+05
0.000000e+00	2.145148e+05
0.000000e+00	2.103535e+05
0.000000e+00	2.063052e+05
0.000000e+00	2.087567e+05
0.000000e+00	2.132130e+05
0.000000e+00	2.072088e+05
0.000000e+00	2.079171e+05
0.000000e+00	2.098226e+05
0.000000e+00	2.099649e+05
0.000000e+00	2.132495e+05
0.000000e+00	2.131951e+05
0.000000e+00	2.083795e+05

Line="Roi_2"
0.000000e+00	2.993205e+05
0.000000e+00	2.954463e+05
0.000000e+00	2.898333e+05
0.000000e+00	2.934655e+05
0.000000e+00	2.853395e+05
0.000000e+00	2.793632e+05
0.000000e+00	2.782590e+05
0.000000e+00	2.812016e+05
0.000000e+00	2.586960e+05
0.000000e+00	2.491258e+05
0.000000e+00	2.719234e+05
0.000000e+00	2.948071e+05
0.000000e+00	3.013355e+05
0.000000e+00	2.925690e+05
0.000000e+00	3.137250e+05
0.000000e+00	3.337289e+05
0.000000e+00	3.493826e+05
0.000000e+00	3.300663e+05
0.000000e+00	3.454584e+05
0.000000e+00	3.256152e+05
0.000000e+00	3.232307e+05
0.000000e+00	3.235760e+05
0.000000e+00	3.259847e+05
0.000000e+00	2.983491e+05
0.000000e+00	3.168764e+05
0.000000e+00	3.192033e+05
0.000000e+00	3.401959e+05
0.000000e+00	3.307065e+05
0.000000e+00	3.504573e+05
0.000000e+00	3.656666e+05
0.000000e+00	3.535471e+05
0.000000e+00	3.744894e+05

Line="Roi_3"
0.000000e+00	1.925680e+05
0.000000e+00	1.916604e+05
0.000000e+00	1.909594e+05
0.000000e+00	1.936831e+05
0.000000e+00	1.796712e+05
0.000000e+00	1.951880e+05
0.000000e+00	1.909623e+05
0.000000e+00	1.931537e+05
0.000000e+00	1.916229e+05
0.000000e+00	1.878632e+05
0.000000e+00	1.943406e+05
0.000000e+00	1.848530e+05
0.000000e+00	1.887093e+05
0.000000e+00	1.824736e+05
0.000000e+00	1.811006e+05
0.000000e+00	1.833257e+05
0.000000e+00	1.803085e+05
0.000000e+00	1.760004e+05
0.000000e+00	1.827588e+05
0.000000e+00	1.789645e+05
0.000000e+00	1.783327e+05
0.000000e+00	1.756853e+05
0.000000e+00	1.898918e+05
0.000000e+00	1.765388e+05
0.000000e+00	1.855947e+05
0.000000e+00	1.808225e+05
0.000000e+00	1.844042e+05
0.000000e+00	1.874593e+05
0.000000e+00	1.731567e+05
0.000000e+00	1.773390e+05
0.000000e+00	1.682754e+05
0.000000e+00	1.790158e+05

Line="Roi_4"
0.000000e+00	1.979192e+05
0.000000e+00	1.999274e+05
0.000000e+00	1.838922e+05
0.000000e+00	1.928738e+05
0.000000e+00	1.817508e+05
0.000000e+00	2.073137e+05
0.000000e+00	2.027094e+05
0.000000e+00	2.028634e+05
0.000000e+00	1.918562e+05
0.000000e+00	1.935616e+05
0.000000e+00	2.126886e+05
0.000000e+00	1.741095e+05
0.000000e+00	2.089696e+05
0.000000e+00	1.803313e+05
0.000000e+00	1.922366e+05
0.000000e+00	2.016821e+05
0.000000e+00	2.053780e+05
0.000000e+00	1.977732e+05
0.000000e+00	2.083157e+05
0.000000e+00	2.024278e+05
0.000000e+00	1.961906e+05
0.000000e+00	1.918490e+05
0.000000e+00	1.988625e+05
0.000000e+00	1.734502e+05
0.000000e+00	2.075853e+05
0.000000e+00	1.791863e+05
0.000000e+00	1.994871e+05
0.000000e+00	2.143272e+05
0.000000e+00	1.850089e+05
0.000000e+00	2.024611e+05
0.000000e+00	1.838034e+05
0.000000e+00	2.016403e+05

