ROI name    Roi_1                   Roi_2                   Roi_3                   Roi_4                   
ROI area        0.49 cm2                  0.082 cm2                   0.33 cm2                   0.15 cm2               
user units  mean     std dev  func  mean     std dev  func  mean     std dev  func  mean     std dev  func  
0            213425   81954   no     156043  50593.4  no     256346  119847   no     188776  35618.6  no    
0            222296   88230   no     169081  42412.7  no     250985  124751   no     172829  46515.8  no    
0            216258   93374   no     157201  29211.8  no     252577  131606   no     186630  40472.0  no    
0            232801  103714   no     170636  39434.0  no     271287  140093   no     205976  40613.3  no    
0            227572  120527   no     161755  44150.5  no     254223  156814   no     180228  37785.4  no    
0            234084  128720   no     162848  41422.0  no     253631  180260   no     177409  35479.9  no    
0            239563  140752   no     173784  56738.8  no     244315  188187   no     169475  47719.7  no    
0            244054  160324   no     161872  49747.2  no     234152  196548   no     168748  47268.3  no    
0            261815  172241   no     178324  66976.7  no     239401  207290   no     170221  43467.9  no    
0            273909  192580   no     186413  80574.1  no     250080  214012   no     168138  55851.7  no    
0            278095  201362   no     177970  89596.2  no     239297  217225   no     173857  59513.6  no    
0            284947  201302   no     186902  93550.5  no     251402  219823   no     188359  55714.8  no    
0            277551  201255   no     178532  98700.8  no     259611  204288   no     184919  45190.7  no    
0            278525  193159   no     176946  95030.3  no     238751  209510   no     174858  47764.0  no    
0            271496  192181   no     176421  85489.0  no     244510  210165   no     193079  47613.7  no    
0            267215  182881   no     184350  78413.8  no     253707  209044   no     199917  48417.7  no    
0            266092  176309   no     186053  81155.5  no     236086  199135   no     183221  44700.5  no    
0            264290  161798   no     183751  87900.7  no     261135  191589   no     179314  51924.0  no    
0            261859  167235   no     189441  71745.4  no     254275  186157   no     185666  46978.7  no    
0            264042  155999   no     179141  66116.7  no     254190  190967   no     180765  41430.1  no    
0            256060  156201   no     182151  71151.0  no     246397  186957   no     180253  44930.2  no    
0            257213  143919   no     180406  71612.8  no     250568  179812   no     191744  46902.6  no    
0            253354  139705   no     181814  56343.8  no     250004  174388   no     195471  49843.0  no    
0            245491  136186   no     175369  60487.7  no     254591  167996   no     192269  40831.0  no    
0            250192  140067   no     171721  60956.7  no     252441  168885   no     191714  41877.5  no    
0            250310  141442   no     165211  57551.9  no     250887  175715   no     189652  49065.9  no    
0            250252  149030   no     171758  65616.8  no     242033  174709   no     173076  47701.9  no    
0            256095  161336   no     170155  67779.1  no     236458  194637   no     184265  49135.1  no    
0            255408  168257   no     153364  75098.7  no     244876  191816   no     177987  52336.2  no    
0            248112  181436   no     163123  81194.3  no     216150  195476   no     147532  54336.9  no    
0            249778  197235   no     170381  87471.6  no     220171  200677   no     150599  63328.6  no    
0            250588  209252   no     173865  98625.6  no     221448  200064   no     162584  61735.2  no    
Title="Plot"
Xaxis="user units"
Yaxis="no scaling"

Line="Roi_1"
0.000000e+00	2.134249e+05
0.000000e+00	2.222958e+05
0.000000e+00	2.162576e+05
0.000000e+00	2.328012e+05
0.000000e+00	2.275725e+05
0.000000e+00	2.340845e+05
0.000000e+00	2.395625e+05
0.000000e+00	2.440537e+05
0.000000e+00	2.618151e+05
0.000000e+00	2.739089e+05
0.000000e+00	2.780949e+05
0.000000e+00	2.849466e+05
0.000000e+00	2.775514e+05
0.000000e+00	2.785246e+05
0.000000e+00	2.714964e+05
0.000000e+00	2.672151e+05
0.000000e+00	2.660922e+05
0.000000e+00	2.642898e+05
0.000000e+00	2.618593e+05
0.000000e+00	2.640424e+05
0.000000e+00	2.560595e+05
0.000000e+00	2.572134e+05
0.000000e+00	2.533540e+05
0.000000e+00	2.454912e+05
0.000000e+00	2.501922e+05
0.000000e+00	2.503103e+05
0.000000e+00	2.502516e+05
0.000000e+00	2.560953e+05
0.000000e+00	2.554077e+05
0.000000e+00	2.481123e+05
0.000000e+00	2.497782e+05
0.000000e+00	2.505878e+05

Line="Roi_2"
0.000000e+00	1.560430e+05
0.000000e+00	1.690814e+05
0.000000e+00	1.572009e+05
0.000000e+00	1.706365e+05
0.000000e+00	1.617551e+05
0.000000e+00	1.628478e+05
0.000000e+00	1.737843e+05
0.000000e+00	1.618717e+05
0.000000e+00	1.783243e+05
0.000000e+00	1.864129e+05
0.000000e+00	1.779701e+05
0.000000e+00	1.869020e+05
0.000000e+00	1.785316e+05
0.000000e+00	1.769464e+05
0.000000e+00	1.764213e+05
0.000000e+00	1.843500e+05
0.000000e+00	1.860526e+05
0.000000e+00	1.837513e+05
0.000000e+00	1.894415e+05
0.000000e+00	1.791406e+05
0.000000e+00	1.821507e+05
0.000000e+00	1.804058e+05
0.000000e+00	1.818145e+05
0.000000e+00	1.753691e+05
0.000000e+00	1.717213e+05
0.000000e+00	1.652114e+05
0.000000e+00	1.717585e+05
0.000000e+00	1.701547e+05
0.000000e+00	1.533638e+05
0.000000e+00	1.631231e+05
0.000000e+00	1.703811e+05
0.000000e+00	1.738654e+05

Line="Roi_3"
0.000000e+00	2.563464e+05
0.000000e+00	2.509847e+05
0.000000e+00	2.525774e+05
0.000000e+00	2.712868e+05
0.000000e+00	2.542230e+05
0.000000e+00	2.536312e+05
0.000000e+00	2.443150e+05
0.000000e+00	2.341518e+05
0.000000e+00	2.394013e+05
0.000000e+00	2.500801e+05
0.000000e+00	2.392966e+05
0.000000e+00	2.514023e+05
0.000000e+00	2.596106e+05
0.000000e+00	2.387505e+05
0.000000e+00	2.445097e+05
0.000000e+00	2.537069e+05
0.000000e+00	2.360857e+05
0.000000e+00	2.611353e+05
0.000000e+00	2.542752e+05
0.000000e+00	2.541897e+05
0.000000e+00	2.463970e+05
0.000000e+00	2.505676e+05
0.000000e+00	2.500035e+05
0.000000e+00	2.545911e+05
0.000000e+00	2.524408e+05
0.000000e+00	2.508866e+05
0.000000e+00	2.420330e+05
0.000000e+00	2.364575e+05
0.000000e+00	2.448760e+05
0.000000e+00	2.161500e+05
0.000000e+00	2.201712e+05
0.000000e+00	2.214480e+05

Line="Roi_4"
0.000000e+00	1.887760e+05
0.000000e+00	1.728286e+05
0.000000e+00	1.866299e+05
0.000000e+00	2.059762e+05
0.000000e+00	1.802280e+05
0.000000e+00	1.774086e+05
0.000000e+00	1.694746e+05
0.000000e+00	1.687479e+05
0.000000e+00	1.702213e+05
0.000000e+00	1.681383e+05
0.000000e+00	1.738568e+05
0.000000e+00	1.883595e+05
0.000000e+00	1.849195e+05
0.000000e+00	1.748576e+05
0.000000e+00	1.930790e+05
0.000000e+00	1.999175e+05
0.000000e+00	1.832214e+05
0.000000e+00	1.793141e+05
0.000000e+00	1.856663e+05
0.000000e+00	1.807650e+05
0.000000e+00	1.802527e+05
0.000000e+00	1.917444e+05
0.000000e+00	1.954713e+05
0.000000e+00	1.922694e+05
0.000000e+00	1.917136e+05
0.000000e+00	1.896522e+05
0.000000e+00	1.730763e+05
0.000000e+00	1.842649e+05
0.000000e+00	1.779871e+05
0.000000e+00	1.475316e+05
0.000000e+00	1.505986e+05
0.000000e+00	1.625843e+05

