ROI name    Roi_1                    Roi_2                    Roi_3                    
ROI area        0.25 cm2                 0.0637 cm2                 0.0791 cm2               
user units  mean      std dev  func  mean      std dev  func  mean      std dev  func  
0            1233411  101718   no     1349537  317051   no     1713634  71371.7  no    
0             991000  112561   no     1004423  234080   no     1530799  71720.6  no    
0             628240  112740   no      734753  214435   no     1226211  64666.2  no    
0             511785  107889   no      525770  155490   no     1066841  54613.6  no    
0             347719   98808   no      399624  148813   no      873979  57212.0  no    
0             281825   91576   no      335603  113443   no      755827  50264.3  no    
0             206804   83695   no      257429  110098   no      624189  53188.1  no    
0             180772   74364   no      221136   69668   no      530615  42760.9  no    
0             133462   65358   no      190770   68785   no      443334  43042.2  no    
0             112169   53117   no      165446   52566   no      389505  39347.5  no    
0              84618   55509   no      134997   46973   no      324010  38122.6  no    
0              83000   48320   no      139489   51716   no      286064  36563.7  no    
Title="Plot"
Xaxis="user units"
Yaxis="no scaling"

Line="Roi_1"
0.000000e+00	1.233411e+06
0.000000e+00	9.910003e+05
0.000000e+00	6.282398e+05
0.000000e+00	5.117846e+05
0.000000e+00	3.477188e+05
0.000000e+00	2.818254e+05
0.000000e+00	2.068042e+05
0.000000e+00	1.807724e+05
0.000000e+00	1.334615e+05
0.000000e+00	1.121691e+05
0.000000e+00	8.461821e+04
0.000000e+00	8.299993e+04

Line="Roi_2"
0.000000e+00	1.349537e+06
0.000000e+00	1.004423e+06
0.000000e+00	7.347535e+05
0.000000e+00	5.257699e+05
0.000000e+00	3.996241e+05
0.000000e+00	3.356027e+05
0.000000e+00	2.574290e+05
0.000000e+00	2.211360e+05
0.000000e+00	1.907703e+05
0.000000e+00	1.654464e+05
0.000000e+00	1.349968e+05
0.000000e+00	1.394890e+05

Line="Roi_3"
0.000000e+00	1.713634e+06
0.000000e+00	1.530799e+06
0.000000e+00	1.226211e+06
0.000000e+00	1.066841e+06
0.000000e+00	8.739793e+05
0.000000e+00	7.558268e+05
0.000000e+00	6.241892e+05
0.000000e+00	5.306148e+05
0.000000e+00	4.433340e+05
0.000000e+00	3.895045e+05
0.000000e+00	3.240101e+05
0.000000e+00	2.860638e+05

