ROI name    Roi_1                   Roi_2                   Roi_3                   Roi_4                   
ROI area        0.35 cm2                   0.16 cm2                   0.32 cm2                   0.18 cm2               
user units  mean     std dev  func  mean     std dev  func  mean     std dev  func  mean     std dev  func  
0            350653  146576   no     299150  89198.0  no     506055  372230   no     281592  73486.9  no    
0            358134  148638   no     303119  93578.0  no     500690  370182   no     274289  71113.0  no    
0            353744  153267   no     301282  90913.9  no     493366  366225   no     272798  62726.9  no    
0            347586  155145   no     295348  94165.3  no     484264  362420   no     273316  58424.2  no    
0            346746  154135   no     294684  82940.2  no     487440  360202   no     254612  51956.2  no    
0            346410  146362   no     294944  80635.2  no     483518  357924   no     264602  50858.9  no    
0            352623  154116   no     290031  83877.3  no     479349  349077   no     259359  55108.4  no    
0            343737  145860   no     287897  83033.2  no     476594  348691   no     257612  50203.8  no    
0            347805  147684   no     309193  76178.5  no     469560  354441   no     259568  57996.6  no    
0            339113  140981   no     283076  85807.1  no     481003  351624   no     265230  57182.5  no    
0            346197  146969   no     289351  87174.8  no     478160  353436   no     265857  69677.1  no    
0            348690  155691   no     290824  79253.3  no     482442  342595   no     289308  68673.2  no    
0            348755  173436   no     282960  90987.0  no     457263  343760   no     288714  72486.9  no    
0            353610  170716   no     296659  91227.9  no     463591  350660   no     288159  78414.4  no    
0            350405  171092   no     294356  88421.9  no     466219  348814   no     278053  74832.6  no    
0            351136  176674   no     290160  78854.6  no     460347  342639   no     285889  75258.7  no    
0            358621  181023   no     291473  84562.0  no     463086  348710   no     293010  70655.3  no    
0            360970  180160   no     304738  81492.2  no     464001  339493   no     285041  74120.1  no    
0            359869  189974   no     299230  85388.0  no     460042  340375   no     282050  70248.9  no    
0            363282  192623   no     305163  80417.4  no     452665  335229   no     285510  67388.2  no    
0            362301  187978   no     301053  80196.4  no     457529  329864   no     278781  61899.2  no    
0            364227  185721   no     315051  84672.7  no     451307  336786   no     280971  73597.7  no    
0            358944  182655   no     294505  79315.1  no     448654  343033   no     288354  64378.6  no    
0            352206  176052   no     293970  85673.7  no     465309  337965   no     273372  67482.0  no    
0            351646  171922   no     297542  78142.2  no     450853  350386   no     277573  72578.6  no    
0            355094  168794   no     287362  84524.9  no     448696  345354   no     273967  66369.3  no    
0            356228  176582   no     287001  83538.2  no     452499  341203   no     276449  71214.7  no    
0            355048  174440   no     297149  78815.1  no     448272  347766   no     277900  70668.7  no    
0            353066  176976   no     297720  98538.1  no     444384  344841   no     272538  58886.2  no    
0            356416  182002   no     291441  87132.3  no     442032  338952   no     267936  62970.6  no    
0            360044  185270   no     292173  77728.3  no     442831  335370   no     261730  62918.0  no    
0            357237  190252   no     304381  80730.4  no     449607  329973   no     266003  60467.7  no    
Title="Plot"
Xaxis="user units"
Yaxis="no scaling"

Line="Roi_1"
0.000000e+00	3.506532e+05
0.000000e+00	3.581343e+05
0.000000e+00	3.537444e+05
0.000000e+00	3.475858e+05
0.000000e+00	3.467465e+05
0.000000e+00	3.464103e+05
0.000000e+00	3.526227e+05
0.000000e+00	3.437371e+05
0.000000e+00	3.478052e+05
0.000000e+00	3.391133e+05
0.000000e+00	3.461972e+05
0.000000e+00	3.486904e+05
0.000000e+00	3.487550e+05
0.000000e+00	3.536099e+05
0.000000e+00	3.504052e+05
0.000000e+00	3.511360e+05
0.000000e+00	3.586213e+05
0.000000e+00	3.609699e+05
0.000000e+00	3.598685e+05
0.000000e+00	3.632818e+05
0.000000e+00	3.623006e+05
0.000000e+00	3.642267e+05
0.000000e+00	3.589435e+05
0.000000e+00	3.522064e+05
0.000000e+00	3.516457e+05
0.000000e+00	3.550939e+05
0.000000e+00	3.562284e+05
0.000000e+00	3.550478e+05
0.000000e+00	3.530663e+05
0.000000e+00	3.564159e+05
0.000000e+00	3.600439e+05
0.000000e+00	3.572366e+05

Line="Roi_2"
0.000000e+00	2.991503e+05
0.000000e+00	3.031187e+05
0.000000e+00	3.012821e+05
0.000000e+00	2.953482e+05
0.000000e+00	2.946844e+05
0.000000e+00	2.949442e+05
0.000000e+00	2.900313e+05
0.000000e+00	2.878969e+05
0.000000e+00	3.091935e+05
0.000000e+00	2.830759e+05
0.000000e+00	2.893506e+05
0.000000e+00	2.908238e+05
0.000000e+00	2.829600e+05
0.000000e+00	2.966595e+05
0.000000e+00	2.943564e+05
0.000000e+00	2.901602e+05
0.000000e+00	2.914726e+05
0.000000e+00	3.047379e+05
0.000000e+00	2.992297e+05
0.000000e+00	3.051631e+05
0.000000e+00	3.010532e+05
0.000000e+00	3.150512e+05
0.000000e+00	2.945055e+05
0.000000e+00	2.939700e+05
0.000000e+00	2.975419e+05
0.000000e+00	2.873617e+05
0.000000e+00	2.870014e+05
0.000000e+00	2.971492e+05
0.000000e+00	2.977202e+05
0.000000e+00	2.914405e+05
0.000000e+00	2.921734e+05
0.000000e+00	3.043807e+05

Line="Roi_3"
0.000000e+00	5.060546e+05
0.000000e+00	5.006898e+05
0.000000e+00	4.933659e+05
0.000000e+00	4.842644e+05
0.000000e+00	4.874400e+05
0.000000e+00	4.835178e+05
0.000000e+00	4.793486e+05
0.000000e+00	4.765944e+05
0.000000e+00	4.695602e+05
0.000000e+00	4.810031e+05
0.000000e+00	4.781596e+05
0.000000e+00	4.824417e+05
0.000000e+00	4.572627e+05
0.000000e+00	4.635913e+05
0.000000e+00	4.662189e+05
0.000000e+00	4.603469e+05
0.000000e+00	4.630861e+05
0.000000e+00	4.640006e+05
0.000000e+00	4.600415e+05
0.000000e+00	4.526653e+05
0.000000e+00	4.575287e+05
0.000000e+00	4.513073e+05
0.000000e+00	4.486538e+05
0.000000e+00	4.653095e+05
0.000000e+00	4.508527e+05
0.000000e+00	4.486961e+05
0.000000e+00	4.524990e+05
0.000000e+00	4.482723e+05
0.000000e+00	4.443843e+05
0.000000e+00	4.420318e+05
0.000000e+00	4.428305e+05
0.000000e+00	4.496066e+05

Line="Roi_4"
0.000000e+00	2.815917e+05
0.000000e+00	2.742888e+05
0.000000e+00	2.727985e+05
0.000000e+00	2.733163e+05
0.000000e+00	2.546119e+05
0.000000e+00	2.646018e+05
0.000000e+00	2.593594e+05
0.000000e+00	2.576124e+05
0.000000e+00	2.595681e+05
0.000000e+00	2.652303e+05
0.000000e+00	2.658574e+05
0.000000e+00	2.893080e+05
0.000000e+00	2.887136e+05
0.000000e+00	2.881586e+05
0.000000e+00	2.780534e+05
0.000000e+00	2.858891e+05
0.000000e+00	2.930095e+05
0.000000e+00	2.850406e+05
0.000000e+00	2.820498e+05
0.000000e+00	2.855095e+05
0.000000e+00	2.787808e+05
0.000000e+00	2.809712e+05
0.000000e+00	2.883539e+05
0.000000e+00	2.733722e+05
0.000000e+00	2.775735e+05
0.000000e+00	2.739671e+05
0.000000e+00	2.764488e+05
0.000000e+00	2.779003e+05
0.000000e+00	2.725376e+05
0.000000e+00	2.679362e+05
0.000000e+00	2.617295e+05
0.000000e+00	2.660035e+05

