ROI name    Roi_1                   Roi_2                   Roi_3                   
ROI area        0.25 cm2                   0.16 cm2                 0.0967 cm2               
user units  mean     std dev  func  mean     std dev  func  mean     std dev  func  
0            158227  34025.7  no     154054  31375.9  no     297456  70035.5  no    
0            156614  36996.1  no     139582  29444.7  no     292883  70917.2  no    
0            159225  35450.7  no     144873  32251.6  no     306523  76169.6  no    
0            162837  38426.0  no     136716  28933.3  no     306681  72161.1  no    
0            162282  33453.2  no     128929  29296.6  no     303296  71595.5  no    
0            159667  36596.0  no     135055  29317.6  no     302557  76951.1  no    
0            156410  35619.9  no     129508  27349.4  no     296558  76177.2  no    
0            161430  33417.0  no     135723  34640.4  no     296933  69548.8  no    
0            157759  37057.4  no     140627  29772.6  no     298208  78098.0  no    
0            158943  35545.1  no     125165  33696.2  no     295757  69846.0  no    
0            154639  40713.2  no     131092  31264.9  no     292160  73036.6  no    
0            154390  30776.5  no     143919  27074.4  no     293793  68497.2  no    
0            153102  34298.7  no     142031  26987.9  no     290877  79799.1  no    
0            160954  37061.8  no     123772  34518.2  no     293774  70396.2  no    
0            153172  34029.5  no     122483  30056.6  no     291658  78013.3  no    
0            153754  36580.7  no     125308  32475.2  no     298697  81004.7  no    
0            150885  34746.6  no     134044  30365.1  no     295510  81783.9  no    
0            154110  33876.6  no     140366  32733.6  no     305053  83720.7  no    
0            157020  32717.4  no     139527  32243.2  no     309807  87463.7  no    
0            154009  38919.4  no     119399  32112.5  no     307086  84941.1  no    
0            157670  33744.9  no     121213  34703.0  no     304305  86860.9  no    
0            155495  35271.1  no     131146  29685.0  no     313187  85301.9  no    
0            159152  32711.0  no     135676  31015.4  no     301401  77509.1  no    
0            151727  36223.9  no     127461  31150.2  no     297055  78217.0  no    
0            156862  35947.8  no     140146  28765.9  no     292270  74096.1  no    
0            156703  30452.9  no     131953  31426.0  no     293978  79776.0  no    
0            153698  33539.7  no     130762  26494.7  no     287750  66224.1  no    
0            153178  31551.2  no     138115  28878.8  no     297488  71783.4  no    
0            152325  33574.6  no     133251  32792.4  no     297923  71835.3  no    
0            157031  35547.6  no     138127  23137.5  no     296195  70343.0  no    
0            155681  30561.9  no     142391  23034.4  no     296602  75677.7  no    
0            155713  33951.1  no     119653  37125.9  no     304980  76755.0  no    
Title="Plot"
Xaxis="user units"
Yaxis="no scaling"

Line="Roi_1"
0.000000e+00	1.582269e+05
0.000000e+00	1.566138e+05
0.000000e+00	1.592251e+05
0.000000e+00	1.628372e+05
0.000000e+00	1.622821e+05
0.000000e+00	1.596674e+05
0.000000e+00	1.564100e+05
0.000000e+00	1.614301e+05
0.000000e+00	1.577591e+05
0.000000e+00	1.589435e+05
0.000000e+00	1.546391e+05
0.000000e+00	1.543902e+05
0.000000e+00	1.531019e+05
0.000000e+00	1.609537e+05
0.000000e+00	1.531724e+05
0.000000e+00	1.537541e+05
0.000000e+00	1.508853e+05
0.000000e+00	1.541101e+05
0.000000e+00	1.570198e+05
0.000000e+00	1.540091e+05
0.000000e+00	1.576695e+05
0.000000e+00	1.554950e+05
0.000000e+00	1.591517e+05
0.000000e+00	1.517269e+05
0.000000e+00	1.568623e+05
0.000000e+00	1.567026e+05
0.000000e+00	1.536984e+05
0.000000e+00	1.531777e+05
0.000000e+00	1.523246e+05
0.000000e+00	1.570312e+05
0.000000e+00	1.556806e+05
0.000000e+00	1.557129e+05

Line="Roi_2"
0.000000e+00	1.540537e+05
0.000000e+00	1.395823e+05
0.000000e+00	1.448729e+05
0.000000e+00	1.367158e+05
0.000000e+00	1.289291e+05
0.000000e+00	1.350549e+05
0.000000e+00	1.295079e+05
0.000000e+00	1.357228e+05
0.000000e+00	1.406269e+05
0.000000e+00	1.251650e+05
0.000000e+00	1.310922e+05
0.000000e+00	1.439194e+05
0.000000e+00	1.420305e+05
0.000000e+00	1.237723e+05
0.000000e+00	1.224828e+05
0.000000e+00	1.253078e+05
0.000000e+00	1.340435e+05
0.000000e+00	1.403663e+05
0.000000e+00	1.395274e+05
0.000000e+00	1.193986e+05
0.000000e+00	1.212130e+05
0.000000e+00	1.311459e+05
0.000000e+00	1.356765e+05
0.000000e+00	1.274610e+05
0.000000e+00	1.401461e+05
0.000000e+00	1.319534e+05
0.000000e+00	1.307615e+05
0.000000e+00	1.381150e+05
0.000000e+00	1.332512e+05
0.000000e+00	1.381269e+05
0.000000e+00	1.423914e+05
0.000000e+00	1.196533e+05

Line="Roi_3"
0.000000e+00	2.974560e+05
0.000000e+00	2.928827e+05
0.000000e+00	3.065234e+05
0.000000e+00	3.066809e+05
0.000000e+00	3.032962e+05
0.000000e+00	3.025565e+05
0.000000e+00	2.965583e+05
0.000000e+00	2.969332e+05
0.000000e+00	2.982083e+05
0.000000e+00	2.957571e+05
0.000000e+00	2.921603e+05
0.000000e+00	2.937930e+05
0.000000e+00	2.908765e+05
0.000000e+00	2.937738e+05
0.000000e+00	2.916575e+05
0.000000e+00	2.986970e+05
0.000000e+00	2.955104e+05
0.000000e+00	3.050530e+05
0.000000e+00	3.098071e+05
0.000000e+00	3.070855e+05
0.000000e+00	3.043052e+05
0.000000e+00	3.131874e+05
0.000000e+00	3.014005e+05
0.000000e+00	2.970548e+05
0.000000e+00	2.922700e+05
0.000000e+00	2.939777e+05
0.000000e+00	2.877504e+05
0.000000e+00	2.974884e+05
0.000000e+00	2.979233e+05
0.000000e+00	2.961945e+05
0.000000e+00	2.966016e+05
0.000000e+00	3.049799e+05

