ROI name    Roi_1                    Roi_2                    Roi_3                    
ROI area        0.18 cm2                 0.0791 cm2                   0.34 cm2               
user units  mean      std dev  func  mean      std dev  func  mean      std dev  func  
0            1208359  148273   no     1203834  261696   no     1777122  156067   no    
0             980755  152152   no      863954  199810   no     1615318  161988   no    
0             684970  145859   no      570009  139780   no     1275317  147241   no    
0             563632  140830   no      430596  105628   no     1130058  141597   no    
0             422130  142028   no      283729   80664   no      901751  127740   no    
0             349861  137089   no      228531   77592   no      803938  121892   no    
0             277698  132264   no      161477   57384   no      647689  111740   no    
0             240695  123105   no      136930   53525   no      573529  108836   no    
0             192617  114970   no      104152   41954   no      469753  104288   no    
0             175582  111897   no       74456   44439   no      412887   94402   no    
0             144315  104497   no       83869   43124   no      347861   90095   no    
0             129292  100571   no       58118   31449   no      299461   84079   no    
Title="Plot"
Xaxis="user units"
Yaxis="no scaling"

Line="Roi_1"
0.000000e+00	1.208359e+06
0.000000e+00	9.807550e+05
0.000000e+00	6.849703e+05
0.000000e+00	5.636322e+05
0.000000e+00	4.221301e+05
0.000000e+00	3.498611e+05
0.000000e+00	2.776977e+05
0.000000e+00	2.406955e+05
0.000000e+00	1.926167e+05
0.000000e+00	1.755824e+05
0.000000e+00	1.443150e+05
0.000000e+00	1.292920e+05

Line="Roi_2"
0.000000e+00	1.203834e+06
0.000000e+00	8.639544e+05
0.000000e+00	5.700093e+05
0.000000e+00	4.305960e+05
0.000000e+00	2.837290e+05
0.000000e+00	2.285308e+05
0.000000e+00	1.614769e+05
0.000000e+00	1.369296e+05
0.000000e+00	1.041521e+05
0.000000e+00	7.445620e+04
0.000000e+00	8.386874e+04
0.000000e+00	5.811750e+04

Line="Roi_3"
0.000000e+00	1.777122e+06
0.000000e+00	1.615318e+06
0.000000e+00	1.275317e+06
0.000000e+00	1.130058e+06
0.000000e+00	9.017507e+05
0.000000e+00	8.039378e+05
0.000000e+00	6.476891e+05
0.000000e+00	5.735287e+05
0.000000e+00	4.697534e+05
0.000000e+00	4.128866e+05
0.000000e+00	3.478606e+05
0.000000e+00	2.994613e+05

