ROI name    Roi_1                   Roi_2                   Roi_3                   
ROI area        0.25 cm2                   0.12 cm2                   0.35 cm2               
user units  mean     std dev  func  mean     std dev  func  mean     std dev  func  
0            305392   97788   no     352535  275161   no     531052  110769   no    
0            300821   92729   no     366991  283795   no     534530  107687   no    
0            300515   97007   no     392669  302152   no     528417  108436   no    
0            301286   90590   no     375704  310570   no     529269  110506   no    
0            298333   94432   no     391020  303320   no     527416  110903   no    
0            300148   94696   no     355891  321159   no     531565  111519   no    
0            304161   98977   no     352981  320092   no     527119  112845   no    
0            308188  103971   no     379068  353444   no     528806  111353   no    
0            303326  104164   no     374241  360356   no     538717  114974   no    
0            310443  112089   no     358257  395627   no     533862  118477   no    
0            303015  100390   no     391790  411100   no     529032  113045   no    
0            308332  105884   no     412166  413138   no     538410  120086   no    
0            303541  101794   no     446989  378300   no     529659  122534   no    
0            307642   94508   no     405956  395279   no     534717  122438   no    
0            306451  102388   no     434164  377126   no     527088  120585   no    
0            297642   98783   no     404744  391638   no     530477  120257   no    
0            298448  104227   no     392924  398947   no     530410  119451   no    
0            299793   94914   no     390039  400268   no     530686  116272   no    
0            297778   96037   no     396805  385574   no     524346  118228   no    
0            301851   91706   no     406779  403075   no     527580  120525   no    
0            307287   96930   no     417669  415586   no     532536  119683   no    
0            305856  102935   no     457202  432673   no     530159  124298   no    
0            307605  102669   no     450277  471290   no     528558  127048   no    
0            306301  114148   no     461022  492227   no     535799  126886   no    
0            317822  118039   no     461339  510587   no     530126  123585   no    
0            309107  113336   no     489165  491984   no     533207  125984   no    
0            304944  110617   no     493341  500078   no     526638  126007   no    
0            304076  101180   no     501466  516306   no     531112  123898   no    
0            302927   96948   no     503394  502837   no     530740  125506   no    
0            306882   99960   no     495173  492717   no     525791  121659   no    
0            297228   96325   no     479418  479852   no     525972  122632   no    
0            297637   96345   no     533628  458043   no     532897  124781   no    
Title="Plot"
Xaxis="user units"
Yaxis="no scaling"

Line="Roi_1"
0.000000e+00	3.053917e+05
0.000000e+00	3.008215e+05
0.000000e+00	3.005149e+05
0.000000e+00	3.012857e+05
0.000000e+00	2.983333e+05
0.000000e+00	3.001476e+05
0.000000e+00	3.041613e+05
0.000000e+00	3.081878e+05
0.000000e+00	3.033262e+05
0.000000e+00	3.104430e+05
0.000000e+00	3.030155e+05
0.000000e+00	3.083316e+05
0.000000e+00	3.035408e+05
0.000000e+00	3.076419e+05
0.000000e+00	3.064514e+05
0.000000e+00	2.976420e+05
0.000000e+00	2.984481e+05
0.000000e+00	2.997926e+05
0.000000e+00	2.977780e+05
0.000000e+00	3.018511e+05
0.000000e+00	3.072871e+05
0.000000e+00	3.058564e+05
0.000000e+00	3.076048e+05
0.000000e+00	3.063007e+05
0.000000e+00	3.178224e+05
0.000000e+00	3.091075e+05
0.000000e+00	3.049445e+05
0.000000e+00	3.040758e+05
0.000000e+00	3.029270e+05
0.000000e+00	3.068816e+05
0.000000e+00	2.972282e+05
0.000000e+00	2.976367e+05

Line="Roi_2"
0.000000e+00	3.525353e+05
0.000000e+00	3.669913e+05
0.000000e+00	3.926692e+05
0.000000e+00	3.757044e+05
0.000000e+00	3.910201e+05
0.000000e+00	3.558909e+05
0.000000e+00	3.529809e+05
0.000000e+00	3.790684e+05
0.000000e+00	3.742406e+05
0.000000e+00	3.582571e+05
0.000000e+00	3.917896e+05
0.000000e+00	4.121662e+05
0.000000e+00	4.469885e+05
0.000000e+00	4.059564e+05
0.000000e+00	4.341642e+05
0.000000e+00	4.047444e+05
0.000000e+00	3.929243e+05
0.000000e+00	3.900393e+05
0.000000e+00	3.968048e+05
0.000000e+00	4.067789e+05
0.000000e+00	4.176689e+05
0.000000e+00	4.572016e+05
0.000000e+00	4.502775e+05
0.000000e+00	4.610221e+05
0.000000e+00	4.613393e+05
0.000000e+00	4.891649e+05
0.000000e+00	4.933409e+05
0.000000e+00	5.014661e+05
0.000000e+00	5.033938e+05
0.000000e+00	4.951732e+05
0.000000e+00	4.794178e+05
0.000000e+00	5.336276e+05

Line="Roi_3"
0.000000e+00	5.310516e+05
0.000000e+00	5.345304e+05
0.000000e+00	5.284175e+05
0.000000e+00	5.292689e+05
0.000000e+00	5.274158e+05
0.000000e+00	5.315645e+05
0.000000e+00	5.271187e+05
0.000000e+00	5.288059e+05
0.000000e+00	5.387168e+05
0.000000e+00	5.338625e+05
0.000000e+00	5.290320e+05
0.000000e+00	5.384103e+05
0.000000e+00	5.296595e+05
0.000000e+00	5.347166e+05
0.000000e+00	5.270880e+05
0.000000e+00	5.304766e+05
0.000000e+00	5.304097e+05
0.000000e+00	5.306859e+05
0.000000e+00	5.243456e+05
0.000000e+00	5.275801e+05
0.000000e+00	5.325358e+05
0.000000e+00	5.301593e+05
0.000000e+00	5.285577e+05
0.000000e+00	5.357989e+05
0.000000e+00	5.301256e+05
0.000000e+00	5.332071e+05
0.000000e+00	5.266376e+05
0.000000e+00	5.311118e+05
0.000000e+00	5.307396e+05
0.000000e+00	5.257909e+05
0.000000e+00	5.259715e+05
0.000000e+00	5.328968e+05

