ROI name    Roi_1                    Roi_2                   Roi_3                    
ROI area        0.17 cm2                 0.0659 cm2                 0.0879 cm2               
user units  mean      std dev  func  mean     std dev  func  mean      std dev  func  
0            1106024  153047   no     996378  254579   no     1774654  446720   no    
0             914075  162781   no     774843  234852   no     1606161  436688   no    
0             663878  162105   no     535043  143193   no     1303597  391651   no    
0             553611  158647   no     451275  142958   no     1180568  376095   no    
0             430663  157383   no     280342  100208   no      984533  356957   no    
0             358736  140403   no     278743   92922   no      905358  338297   no    
0             290913  135877   no     190445   62754   no      797444  320575   no    
0             260150  132777   no     165179   62625   no      721898  308931   no    
0             209472  113914   no     155660   57202   no      651330  290724   no    
0             189540  108457   no     111822   49549   no      594133  286355   no    
0             158791  101804   no     105720   44350   no      545328  265822   no    
0             143103   95217   no      78369   41166   no      504493  251406   no    
Title="Plot"
Xaxis="user units"
Yaxis="no scaling"

Line="Roi_1"
0.000000e+00	1.106024e+06
0.000000e+00	9.140749e+05
0.000000e+00	6.638777e+05
0.000000e+00	5.536110e+05
0.000000e+00	4.306629e+05
0.000000e+00	3.587363e+05
0.000000e+00	2.909128e+05
0.000000e+00	2.601495e+05
0.000000e+00	2.094717e+05
0.000000e+00	1.895400e+05
0.000000e+00	1.587915e+05
0.000000e+00	1.431025e+05

Line="Roi_2"
0.000000e+00	9.963778e+05
0.000000e+00	7.748433e+05
0.000000e+00	5.350435e+05
0.000000e+00	4.512752e+05
0.000000e+00	2.803423e+05
0.000000e+00	2.787434e+05
0.000000e+00	1.904454e+05
0.000000e+00	1.651788e+05
0.000000e+00	1.556603e+05
0.000000e+00	1.118223e+05
0.000000e+00	1.057198e+05
0.000000e+00	7.836910e+04

Line="Roi_3"
0.000000e+00	1.774654e+06
0.000000e+00	1.606161e+06
0.000000e+00	1.303597e+06
0.000000e+00	1.180568e+06
0.000000e+00	9.845326e+05
0.000000e+00	9.053575e+05
0.000000e+00	7.974437e+05
0.000000e+00	7.218979e+05
0.000000e+00	6.513296e+05
0.000000e+00	5.941329e+05
0.000000e+00	5.453281e+05
0.000000e+00	5.044925e+05

