ROI name    Roi_1                   Roi_2                   Roi_3                   Roi_4                   Roi_5                   
ROI area        0.19 cm2                 0.0659 cm2                   0.19 cm2                   0.10 cm2                   0.11 cm2               
user units  mean     std dev  func  mean     std dev  func  mean     std dev  func  mean     std dev  func  mean     std dev  func  
0            490956  122817   no     520533  143327   no     617970  273306   no     520227  40587.9  no     801284  66623.9  no    
0            392486   96003   no     404065  113222   no     525165  259345   no     421119  37665.2  no     734258  71992.0  no    
0            257871   72912   no     261341   83462   no     346853  211986   no     257559  31452.1  no     584388  65797.2  no    
0            202394   64881   no     194708   71633   no     292627  194402   no     207406  32804.3  no     507387  58508.7  no    
0            149666   55076   no     144289   59857   no     203572  164171   no     129309  30014.8  no     419575  52377.4  no    
0            116881   51843   no     104452   58133   no     182423  150982   no     108926  24592.6  no     368584  48029.6  no    
0             89623   49705   no      81622   51805   no     137136  138192   no      72664  24361.2  no     303392  46014.3  no    
0             78691   44281   no      69651   50836   no     125226  126277   no      63276  26023.8  no     271173  46673.1  no    
0             61813   44607   no      53380   45648   no     107552  119806   no      50401  25407.1  no     220682  41516.2  no    
0             60061   40296   no      52612   48239   no      96822  111011   no      40999  20137.0  no     197531  35417.2  no    
0             49724   36223   no      42450   43263   no      89740  103701   no      32978  19392.8  no     164792  34202.3  no    
0             47982   37218   no      39228   42609   no      80459   98874   no      35285  18847.3  no     149285  33701.8  no    
Title="Plot"
Xaxis="user units"
Yaxis="no scaling"

Line="Roi_1"
0.000000e+00	4.909559e+05
0.000000e+00	3.924864e+05
0.000000e+00	2.578706e+05
0.000000e+00	2.023935e+05
0.000000e+00	1.496658e+05
0.000000e+00	1.168808e+05
0.000000e+00	8.962290e+04
0.000000e+00	7.869129e+04
0.000000e+00	6.181297e+04
0.000000e+00	6.006148e+04
0.000000e+00	4.972418e+04
0.000000e+00	4.798248e+04

Line="Roi_2"
0.000000e+00	5.205328e+05
0.000000e+00	4.040652e+05
0.000000e+00	2.613408e+05
0.000000e+00	1.947079e+05
0.000000e+00	1.442894e+05
0.000000e+00	1.044523e+05
0.000000e+00	8.162190e+04
0.000000e+00	6.965126e+04
0.000000e+00	5.338019e+04
0.000000e+00	5.261183e+04
0.000000e+00	4.245042e+04
0.000000e+00	3.922807e+04

Line="Roi_3"
0.000000e+00	6.179697e+05
0.000000e+00	5.251650e+05
0.000000e+00	3.468527e+05
0.000000e+00	2.926267e+05
0.000000e+00	2.035723e+05
0.000000e+00	1.824233e+05
0.000000e+00	1.371355e+05
0.000000e+00	1.252260e+05
0.000000e+00	1.075517e+05
0.000000e+00	9.682219e+04
0.000000e+00	8.973979e+04
0.000000e+00	8.045941e+04

Line="Roi_4"
0.000000e+00	5.202271e+05
0.000000e+00	4.211191e+05
0.000000e+00	2.575590e+05
0.000000e+00	2.074058e+05
0.000000e+00	1.293092e+05
0.000000e+00	1.089261e+05
0.000000e+00	7.266404e+04
0.000000e+00	6.327610e+04
0.000000e+00	5.040082e+04
0.000000e+00	4.099928e+04
0.000000e+00	3.297773e+04
0.000000e+00	3.528514e+04

Line="Roi_5"
0.000000e+00	8.012845e+05
0.000000e+00	7.342581e+05
0.000000e+00	5.843878e+05
0.000000e+00	5.073867e+05
0.000000e+00	4.195747e+05
0.000000e+00	3.685841e+05
0.000000e+00	3.033921e+05
0.000000e+00	2.711733e+05
0.000000e+00	2.206822e+05
0.000000e+00	1.975314e+05
0.000000e+00	1.647922e+05
0.000000e+00	1.492846e+05

