ROI name    Roi_1                   Roi_2                   Roi_3                   
ROI area        0.27 cm2                   0.16 cm2                   0.31 cm2               
user units  mean     std dev  func  mean     std dev  func  mean     std dev  func  
0            449696  85375.1  no     273187  101938   no     269521  60385.8  no    
0            455809  91589.0  no     282411  101348   no     260572  64525.9  no    
0            446298  91459.8  no     270475  109985   no     258196  67939.8  no    
0            447834  83507.6  no     286288  111268   no     261933  58906.8  no    
0            445162  85776.4  no     271568   98467   no     267546  55790.1  no    
0            446221  80699.4  no     266795  101749   no     257209  58253.4  no    
0            452665  81725.8  no     276067  107705   no     268584  64148.3  no    
0            443485  86612.4  no     274287  103927   no     264664  52860.6  no    
0            448110  80540.3  no     270364   89549   no     260330  58050.7  no    
0            440223  80828.9  no     265287   88434   no     268802  57492.0  no    
0            435746  80815.5  no     290372   90845   no     268736  60696.1  no    
0            436142  79911.9  no     285883   72862   no     276511  60604.5  no    
0            433526  79530.7  no     285533   91815   no     276951  68634.4  no    
0            428580  80598.1  no     285889   98129   no     275240  72381.7  no    
0            429265  78555.1  no     295582  106131   no     283209  83785.1  no    
0            425450  77409.1  no     297026  131853   no     276875  83814.5  no    
0            424539  78320.0  no     298409  136525   no     282808  86781.5  no    
0            421418  77367.7  no     297322  141552   no     277514  82352.2  no    
0            422433  78212.9  no     292638  138422   no     266179  85379.8  no    
0            425148  84113.3  no     307854  140878   no     273286  81869.5  no    
0            430784  83383.1  no     306700  151193   no     273169  77047.9  no    
0            430805  80101.4  no     297892  143996   no     271242  73778.9  no    
0            432097  85678.5  no     304128  142525   no     276338  75318.6  no    
0            436261  75132.0  no     310116  137405   no     263532  67226.5  no    
0            433213  77345.1  no     288275  131588   no     263180  66124.8  no    
0            433301  78850.9  no     295315  119849   no     258958  56310.8  no    
0            434752  85559.2  no     283285  114146   no     271222  61293.2  no    
0            438641  78354.4  no     294740  116200   no     266936  64104.6  no    
0            431509  78587.9  no     305191  128726   no     255896  66287.8  no    
0            434895  76852.8  no     301901  132187   no     250689  69232.0  no    
0            428418  70578.3  no     283675  139616   no     257043  66730.1  no    
0            436387  77890.0  no     321115  149161   no     270827  63815.9  no    
Title="Plot"
Xaxis="user units"
Yaxis="no scaling"

Line="Roi_1"
0.000000e+00	4.496959e+05
0.000000e+00	4.558086e+05
0.000000e+00	4.462977e+05
0.000000e+00	4.478337e+05
0.000000e+00	4.451624e+05
0.000000e+00	4.462207e+05
0.000000e+00	4.526649e+05
0.000000e+00	4.434850e+05
0.000000e+00	4.481100e+05
0.000000e+00	4.402229e+05
0.000000e+00	4.357457e+05
0.000000e+00	4.361420e+05
0.000000e+00	4.335265e+05
0.000000e+00	4.285797e+05
0.000000e+00	4.292648e+05
0.000000e+00	4.254498e+05
0.000000e+00	4.245389e+05
0.000000e+00	4.214177e+05
0.000000e+00	4.224332e+05
0.000000e+00	4.251479e+05
0.000000e+00	4.307842e+05
0.000000e+00	4.308048e+05
0.000000e+00	4.320967e+05
0.000000e+00	4.362605e+05
0.000000e+00	4.332129e+05
0.000000e+00	4.333006e+05
0.000000e+00	4.347516e+05
0.000000e+00	4.386407e+05
0.000000e+00	4.315089e+05
0.000000e+00	4.348952e+05
0.000000e+00	4.284176e+05
0.000000e+00	4.363873e+05

Line="Roi_2"
0.000000e+00	2.731870e+05
0.000000e+00	2.824107e+05
0.000000e+00	2.704754e+05
0.000000e+00	2.862877e+05
0.000000e+00	2.715684e+05
0.000000e+00	2.667955e+05
0.000000e+00	2.760674e+05
0.000000e+00	2.742874e+05
0.000000e+00	2.703641e+05
0.000000e+00	2.652874e+05
0.000000e+00	2.903719e+05
0.000000e+00	2.858826e+05
0.000000e+00	2.855333e+05
0.000000e+00	2.858894e+05
0.000000e+00	2.955821e+05
0.000000e+00	2.970257e+05
0.000000e+00	2.984088e+05
0.000000e+00	2.973220e+05
0.000000e+00	2.926383e+05
0.000000e+00	3.078535e+05
0.000000e+00	3.066997e+05
0.000000e+00	2.978922e+05
0.000000e+00	3.041276e+05
0.000000e+00	3.101159e+05
0.000000e+00	2.882746e+05
0.000000e+00	2.953152e+05
0.000000e+00	2.832845e+05
0.000000e+00	2.947401e+05
0.000000e+00	3.051908e+05
0.000000e+00	3.019011e+05
0.000000e+00	2.836753e+05
0.000000e+00	3.211154e+05

Line="Roi_3"
0.000000e+00	2.695213e+05
0.000000e+00	2.605721e+05
0.000000e+00	2.581965e+05
0.000000e+00	2.619330e+05
0.000000e+00	2.675457e+05
0.000000e+00	2.572090e+05
0.000000e+00	2.685843e+05
0.000000e+00	2.646643e+05
0.000000e+00	2.603303e+05
0.000000e+00	2.688017e+05
0.000000e+00	2.687357e+05
0.000000e+00	2.765109e+05
0.000000e+00	2.769508e+05
0.000000e+00	2.752397e+05
0.000000e+00	2.832087e+05
0.000000e+00	2.768747e+05
0.000000e+00	2.828082e+05
0.000000e+00	2.775137e+05
0.000000e+00	2.661793e+05
0.000000e+00	2.732865e+05
0.000000e+00	2.731686e+05
0.000000e+00	2.712419e+05
0.000000e+00	2.763383e+05
0.000000e+00	2.635322e+05
0.000000e+00	2.631797e+05
0.000000e+00	2.589584e+05
0.000000e+00	2.712219e+05
0.000000e+00	2.669364e+05
0.000000e+00	2.558960e+05
0.000000e+00	2.506886e+05
0.000000e+00	2.570434e+05
0.000000e+00	2.708269e+05

