ROI name    Roi_1                    Roi_2                    Roi_3                    
ROI area        0.29 cm2                 0.0967 cm2                   0.70 cm2               
user units  mean      std dev  func  mean      std dev  func  mean      std dev  func  
0            1122956  204569   no     1172357  77631.6  no     1613424  92439.3  no    
0             867069  171451   no      863904  54996.9  no     1459325  96375.0  no    
0             554872  128498   no      577465  54684.3  no     1150386  92124.6  no    
0             432604  113663   no      414914  47281.7  no     1026175  88818.9  no    
0             301689   99511   no      299346  40090.0  no      826198  80577.2  no    
0             235108   86025   no      212278  30787.7  no      732664  76945.9  no    
0             173709   72374   no      156750  36267.6  no      600995  68828.4  no    
0             143987   68887   no      114500  34562.2  no      525637  66837.3  no    
0             103601   56364   no       86846  35149.3  no      439806  61097.8  no    
0              95665   53281   no       64835  27993.6  no      381309  56691.5  no    
0              72058   45772   no       53347  23620.7  no      321646  51412.9  no    
0              69659   43789   no       45902  24126.3  no      281519  49378.3  no    
Title="Plot"
Xaxis="user units"
Yaxis="no scaling"

Line="Roi_1"
0.000000e+00	1.122956e+06
0.000000e+00	8.670693e+05
0.000000e+00	5.548717e+05
0.000000e+00	4.326037e+05
0.000000e+00	3.016891e+05
0.000000e+00	2.351078e+05
0.000000e+00	1.737087e+05
0.000000e+00	1.439866e+05
0.000000e+00	1.036012e+05
0.000000e+00	9.566483e+04
0.000000e+00	7.205843e+04
0.000000e+00	6.965905e+04

Line="Roi_2"
0.000000e+00	1.172357e+06
0.000000e+00	8.639038e+05
0.000000e+00	5.774655e+05
0.000000e+00	4.149144e+05
0.000000e+00	2.993455e+05
0.000000e+00	2.122782e+05
0.000000e+00	1.567503e+05
0.000000e+00	1.145004e+05
0.000000e+00	8.684607e+04
0.000000e+00	6.483504e+04
0.000000e+00	5.334713e+04
0.000000e+00	4.590182e+04

Line="Roi_3"
0.000000e+00	1.613424e+06
0.000000e+00	1.459325e+06
0.000000e+00	1.150386e+06
0.000000e+00	1.026175e+06
0.000000e+00	8.261980e+05
0.000000e+00	7.326640e+05
0.000000e+00	6.009951e+05
0.000000e+00	5.256374e+05
0.000000e+00	4.398061e+05
0.000000e+00	3.813090e+05
0.000000e+00	3.216460e+05
0.000000e+00	2.815186e+05

