ROI name    Roi_1                    Roi_2                    Roi_3                    
ROI area        0.25 cm2                 0.0637 cm2                   0.20 cm2               
user units  mean      std dev  func  mean      std dev  func  mean      std dev  func  
0            1157127  97634.5  no     1493949  323635   no     1567914  106757   no    
0             906617  93214.0  no      934203  236114   no     1409554   96332   no    
0             568562  79980.4  no      783065  215719   no     1111115  100614   no    
0             452130  70260.8  no      549949  196848   no      977269   93648   no    
0             301258  61379.3  no      493011  180971   no      795412   83577   no    
0             243379  63931.1  no      317531  153315   no      680618   70975   no    
0             170163  56884.3  no      309424  150699   no      561686   72069   no    
0             137252  50927.4  no      225392  138021   no      484086   58656   no    
0             102141  45176.5  no      220869  137501   no      403961   59375   no    
0              92386  42284.0  no      184763  126503   no      348191   53097   no    
0              67895  40026.9  no      168309  118801   no      284853   43318   no    
0              65429  37099.3  no      148653  116509   no      254437   47812   no    
Title="Plot"
Xaxis="user units"
Yaxis="no scaling"

Line="Roi_2"
0.000000e+00	1.493949e+06
0.000000e+00	9.342029e+05
0.000000e+00	7.830653e+05
0.000000e+00	5.499487e+05
0.000000e+00	4.930112e+05
0.000000e+00	3.175306e+05
0.000000e+00	3.094239e+05
0.000000e+00	2.253916e+05
0.000000e+00	2.208688e+05
0.000000e+00	1.847628e+05
0.000000e+00	1.683090e+05
0.000000e+00	1.486530e+05

Line="Roi_1"
0.000000e+00	1.157127e+06
0.000000e+00	9.066168e+05
0.000000e+00	5.685618e+05
0.000000e+00	4.521305e+05
0.000000e+00	3.012581e+05
0.000000e+00	2.433787e+05
0.000000e+00	1.701629e+05
0.000000e+00	1.372525e+05
0.000000e+00	1.021407e+05
0.000000e+00	9.238616e+04
0.000000e+00	6.789533e+04
0.000000e+00	6.542879e+04

Line="Roi_3"
0.000000e+00	1.567914e+06
0.000000e+00	1.409554e+06
0.000000e+00	1.111115e+06
0.000000e+00	9.772685e+05
0.000000e+00	7.954116e+05
0.000000e+00	6.806182e+05
0.000000e+00	5.616860e+05
0.000000e+00	4.840863e+05
0.000000e+00	4.039607e+05
0.000000e+00	3.481907e+05
0.000000e+00	2.848531e+05
0.000000e+00	2.544373e+05

