ROI name    Roi_1                   Roi_2                   Roi_3                   
ROI area        0.30 cm2                   0.18 cm2                 0.0483 cm2               
user units  mean     std dev  func  mean     std dev  func  mean     std dev  func  
0            182101  35471.5  no     176732  29779.5  no     349971  122709   no    
0            181020  36538.3  no     174193  27787.0  no     353331  128627   no    
0            180295  36601.7  no     181925  31594.1  no     345462  123719   no    
0            180126  40661.7  no     174893  36016.1  no     346538  122636   no    
0            180765  34910.0  no     177284  32815.7  no     343436  113606   no    
0            184091  36032.4  no     183409  32451.1  no     356358  124375   no    
0            182362  32723.9  no     174930  32571.8  no     363424  126077   no    
0            181097  34492.8  no     188808  30920.5  no     376187  131153   no    
0            180042  32257.7  no     180235  29615.1  no     379070  137608   no    
0            177429  33339.2  no     182923  34863.9  no     395100  141516   no    
0            178162  32549.7  no     186894  33936.1  no     382132  136067   no    
0            184094  31646.0  no     187656  33311.2  no     391577  134777   no    
0            179808  29640.2  no     182531  36205.3  no     385428  144240   no    
0            180648  33977.1  no     186206  35833.2  no     378665  142587   no    
0            180229  32228.5  no     179678  34931.1  no     377232  136086   no    
0            177683  33600.6  no     184428  32753.2  no     364811  132319   no    
0            179428  32428.5  no     181927  31966.7  no     358283  140390   no    
0            181683  31254.0  no     181796  31861.0  no     352470  117156   no    
0            179067  36323.0  no     178917  35407.6  no     342858  120611   no    
0            180199  31469.1  no     183252  31498.3  no     344906  121296   no    
0            182139  32409.5  no     182368  39528.4  no     346899  127515   no    
0            175653  29926.1  no     179158  35164.9  no     371163  127260   no    
0            178086  32308.9  no     182501  39763.2  no     348313  144235   no    
0            177570  32585.2  no     184900  36902.4  no     365327  133349   no    
0            175801  29099.8  no     176930  40978.8  no     369668  138910   no    
0            180565  31661.6  no     180694  33856.9  no     393832  154500   no    
0            175743  34682.6  no     183746  35859.0  no     390368  158000   no    
0            177556  35921.9  no     185633  37095.4  no     385989  147813   no    
0            177291  35263.6  no     184282  35148.1  no     391288  159770   no    
0            182531  31844.1  no     193454  37645.6  no     384402  142434   no    
0            180823  32614.8  no     187901  40259.9  no     369173  139309   no    
0            183126  35145.9  no     182333  36803.6  no     372411  142334   no    
Title="Plot"
Xaxis="user units"
Yaxis="no scaling"

Line="Roi_1"
0.000000e+00	1.821008e+05
0.000000e+00	1.810200e+05
0.000000e+00	1.802945e+05
0.000000e+00	1.801259e+05
0.000000e+00	1.807654e+05
0.000000e+00	1.840910e+05
0.000000e+00	1.823621e+05
0.000000e+00	1.810971e+05
0.000000e+00	1.800420e+05
0.000000e+00	1.774287e+05
0.000000e+00	1.781621e+05
0.000000e+00	1.840945e+05
0.000000e+00	1.798076e+05
0.000000e+00	1.806481e+05
0.000000e+00	1.802289e+05
0.000000e+00	1.776827e+05
0.000000e+00	1.794279e+05
0.000000e+00	1.816828e+05
0.000000e+00	1.790673e+05
0.000000e+00	1.801992e+05
0.000000e+00	1.821391e+05
0.000000e+00	1.756527e+05
0.000000e+00	1.780858e+05
0.000000e+00	1.775700e+05
0.000000e+00	1.758014e+05
0.000000e+00	1.805646e+05
0.000000e+00	1.757433e+05
0.000000e+00	1.775558e+05
0.000000e+00	1.772910e+05
0.000000e+00	1.825313e+05
0.000000e+00	1.808225e+05
0.000000e+00	1.831260e+05

Line="Roi_2"
0.000000e+00	1.767318e+05
0.000000e+00	1.741935e+05
0.000000e+00	1.819251e+05
0.000000e+00	1.748926e+05
0.000000e+00	1.772841e+05
0.000000e+00	1.834086e+05
0.000000e+00	1.749303e+05
0.000000e+00	1.888080e+05
0.000000e+00	1.802354e+05
0.000000e+00	1.829233e+05
0.000000e+00	1.868936e+05
0.000000e+00	1.876563e+05
0.000000e+00	1.825306e+05
0.000000e+00	1.862062e+05
0.000000e+00	1.796780e+05
0.000000e+00	1.844281e+05
0.000000e+00	1.819265e+05
0.000000e+00	1.817957e+05
0.000000e+00	1.789168e+05
0.000000e+00	1.832525e+05
0.000000e+00	1.823681e+05
0.000000e+00	1.791582e+05
0.000000e+00	1.825012e+05
0.000000e+00	1.848996e+05
0.000000e+00	1.769301e+05
0.000000e+00	1.806944e+05
0.000000e+00	1.837457e+05
0.000000e+00	1.856327e+05
0.000000e+00	1.842817e+05
0.000000e+00	1.934539e+05
0.000000e+00	1.879012e+05
0.000000e+00	1.823328e+05

Line="Roi_3"
0.000000e+00	3.499707e+05
0.000000e+00	3.533306e+05
0.000000e+00	3.454616e+05
0.000000e+00	3.465378e+05
0.000000e+00	3.434359e+05
0.000000e+00	3.563583e+05
0.000000e+00	3.634242e+05
0.000000e+00	3.761871e+05
0.000000e+00	3.790705e+05
0.000000e+00	3.950995e+05
0.000000e+00	3.821318e+05
0.000000e+00	3.915772e+05
0.000000e+00	3.854284e+05
0.000000e+00	3.786654e+05
0.000000e+00	3.772319e+05
0.000000e+00	3.648113e+05
0.000000e+00	3.582825e+05
0.000000e+00	3.524699e+05
0.000000e+00	3.428584e+05
0.000000e+00	3.449055e+05
0.000000e+00	3.468995e+05
0.000000e+00	3.711626e+05
0.000000e+00	3.483135e+05
0.000000e+00	3.653269e+05
0.000000e+00	3.696676e+05
0.000000e+00	3.938317e+05
0.000000e+00	3.903680e+05
0.000000e+00	3.859894e+05
0.000000e+00	3.912881e+05
0.000000e+00	3.844017e+05
0.000000e+00	3.691731e+05
0.000000e+00	3.724112e+05

