ROI name    Roi_1                   Roi_2                   Roi_3                   Roi_4                   
ROI area        0.31 cm2                   0.14 cm2                   0.28 cm2                   0.14 cm2               
user units  mean     std dev  func  mean     std dev  func  mean     std dev  func  mean     std dev  func  
0            567554  66696.5  no     525663  115118   no     578528  163242   no     521989  37766.6  no    
0            461967  66013.9  no     423921  102340   no     460636  154897   no     394145  28104.3  no    
0            320313  59171.5  no     296095   86761   no     310341  129659   no     243965  20618.2  no    
0            261867  52989.2  no     245483   87468   no     252659  118168   no     189979  21411.0  no    
0            190857  50352.2  no     177200   82004   no     183021  100759   no     119092  18957.7  no    
0            159826  45438.2  no     143994   77962   no     150666   95228   no      91948  19547.4  no    
0            123123  43986.0  no     117034   76177   no     115597   81911   no      63080  17128.0  no    
0            104865  38701.2  no      98183   66531   no      99577   77506   no      53457  16484.3  no    
0             85137  36312.2  no      90598   66863   no      83490   71047   no      38107  15841.5  no    
0             74040  36382.9  no      74145   61044   no      73997   68413   no      32140  14864.0  no    
0             63509  34959.5  no      66000   57673   no      61117   64715   no      25479  13883.6  no    
0             56262  33277.5  no      56264   54574   no      60951   63569   no      25102  11393.4  no    
Title="Plot"
Xaxis="user units"
Yaxis="no scaling"

Line="Roi_1"
0.000000e+00	5.675542e+05
0.000000e+00	4.619665e+05
0.000000e+00	3.203135e+05
0.000000e+00	2.618674e+05
0.000000e+00	1.908566e+05
0.000000e+00	1.598264e+05
0.000000e+00	1.231231e+05
0.000000e+00	1.048651e+05
0.000000e+00	8.513719e+04
0.000000e+00	7.404043e+04
0.000000e+00	6.350857e+04
0.000000e+00	5.626203e+04

Line="Roi_2"
0.000000e+00	5.256633e+05
0.000000e+00	4.239212e+05
0.000000e+00	2.960945e+05
0.000000e+00	2.454828e+05
0.000000e+00	1.772004e+05
0.000000e+00	1.439936e+05
0.000000e+00	1.170340e+05
0.000000e+00	9.818259e+04
0.000000e+00	9.059826e+04
0.000000e+00	7.414508e+04
0.000000e+00	6.599972e+04
0.000000e+00	5.626426e+04

Line="Roi_3"
0.000000e+00	5.785285e+05
0.000000e+00	4.606356e+05
0.000000e+00	3.103408e+05
0.000000e+00	2.526591e+05
0.000000e+00	1.830209e+05
0.000000e+00	1.506659e+05
0.000000e+00	1.155974e+05
0.000000e+00	9.957717e+04
0.000000e+00	8.348965e+04
0.000000e+00	7.399665e+04
0.000000e+00	6.111693e+04
0.000000e+00	6.095146e+04

Line="Roi_4"
0.000000e+00	5.219887e+05
0.000000e+00	3.941453e+05
0.000000e+00	2.439647e+05
0.000000e+00	1.899788e+05
0.000000e+00	1.190918e+05
0.000000e+00	9.194841e+04
0.000000e+00	6.307961e+04
0.000000e+00	5.345703e+04
0.000000e+00	3.810660e+04
0.000000e+00	3.213966e+04
0.000000e+00	2.547918e+04
0.000000e+00	2.510179e+04

