ROI name    Roi_1                   Roi_2                   Roi_3                   Roi_4                   
ROI area        0.38 cm2                   0.21 cm2                   0.19 cm2                   0.15 cm2               
user units  mean     std dev  func  mean     std dev  func  mean     std dev  func  mean     std dev  func  
0            222893  52203.5  no     221683  110724   no     243726  104165   no     196341  34450.1  no    
0            218939  53535.9  no     223584  111708   no     249676  105313   no     196430  39855.2  no    
0            220009  47166.9  no     210484  109698   no     252135  103554   no     196642  30741.2  no    
0            218047  53782.9  no     216437  109314   no     247741  107826   no     201011  45675.5  no    
0            219220  44439.9  no     219154  116797   no     252975   99347   no     200487  37938.6  no    
0            218043  47085.6  no     207488  108163   no     251072   93863   no     210456  33948.5  no    
0            213504  49966.8  no     218646  112481   no     251619   96582   no     196612  39512.2  no    
0            214974  50166.8  no     214466  100828   no     259013   92950   no     190494  44237.1  no    
0            212748  48038.3  no     219733  113353   no     251469  101549   no     190846  32403.5  no    
0            215283  53464.5  no     221914  108985   no     246329  101666   no     195311  38593.8  no    
0            209245  49786.4  no     228485  119103   no     254509  108882   no     201140  41963.0  no    
0            216243  50741.3  no     229160  126186   no     248783  119579   no     194435  37923.3  no    
0            213878  52959.3  no     230190  117177   no     259538  127440   no     196025  34392.6  no    
0            212764  51186.8  no     218558  125478   no     250409  139196   no     195853  39183.9  no    
0            213256  50435.1  no     232255  119509   no     248481  148308   no     206366  38230.6  no    
0            221572  56636.9  no     241433  141379   no     241421  146457   no     202693  56750.1  no    
0            216898  52201.4  no     230690  117826   no     248878  153641   no     204012  44386.0  no    
0            217043  56568.8  no     218471  120399   no     244722  154605   no     195552  44621.2  no    
0            213669  54465.3  no     221217  119785   no     245833  143919   no     200004  40242.7  no    
0            215617  56383.3  no     224590  118965   no     236839  147692   no     198605  53020.8  no    
0            216477  61237.7  no     223207  120937   no     244092  139869   no     184689  45463.0  no    
0            211070  58758.1  no     234739  115191   no     247108  130096   no     198991  47701.2  no    
0            215643  54911.8  no     227609  121326   no     245264  132318   no     204398  45473.9  no    
0            210121  56706.7  no     232623  116210   no     235666  128864   no     193709  43526.7  no    
0            211125  58336.3  no     219021  121342   no     250571  116435   no     201856  31350.9  no    
0            211231  56525.8  no     219498  121047   no     241534  109317   no     182873  42561.5  no    
0            214845  56593.7  no     222927  125658   no     246327  116858   no     205842  42378.4  no    
0            213068  54882.7  no     215913  120589   no     247026  107968   no     200264  35045.3  no    
0            215945  53989.0  no     223327  122293   no     245229  105390   no     177444  30596.0  no    
0            213632  55613.9  no     243848  147726   no     247998  116971   no     184841  38373.8  no    
0            211556  51937.2  no     243912  140894   no     240397  129909   no     177578  43909.7  no    
0            216182  57564.4  no     238576  132984   no     247361  132718   no     204916  44321.7  no    
Title="Plot"
Xaxis="user units"
Yaxis="no scaling"

Line="Roi_1"
0.000000e+00	2.228932e+05
0.000000e+00	2.189390e+05
0.000000e+00	2.200088e+05
0.000000e+00	2.180471e+05
0.000000e+00	2.192197e+05
0.000000e+00	2.180427e+05
0.000000e+00	2.135041e+05
0.000000e+00	2.149737e+05
0.000000e+00	2.127485e+05
0.000000e+00	2.152829e+05
0.000000e+00	2.092455e+05
0.000000e+00	2.162431e+05
0.000000e+00	2.138776e+05
0.000000e+00	2.127638e+05
0.000000e+00	2.132559e+05
0.000000e+00	2.215716e+05
0.000000e+00	2.168982e+05
0.000000e+00	2.170429e+05
0.000000e+00	2.136694e+05
0.000000e+00	2.156173e+05
0.000000e+00	2.164773e+05
0.000000e+00	2.110705e+05
0.000000e+00	2.156433e+05
0.000000e+00	2.101210e+05
0.000000e+00	2.111252e+05
0.000000e+00	2.112311e+05
0.000000e+00	2.148454e+05
0.000000e+00	2.130676e+05
0.000000e+00	2.159452e+05
0.000000e+00	2.136320e+05
0.000000e+00	2.115558e+05
0.000000e+00	2.161823e+05

Line="Roi_2"
0.000000e+00	2.216830e+05
0.000000e+00	2.235839e+05
0.000000e+00	2.104839e+05
0.000000e+00	2.164374e+05
0.000000e+00	2.191541e+05
0.000000e+00	2.074876e+05
0.000000e+00	2.186461e+05
0.000000e+00	2.144656e+05
0.000000e+00	2.197327e+05
0.000000e+00	2.219141e+05
0.000000e+00	2.284848e+05
0.000000e+00	2.291599e+05
0.000000e+00	2.301903e+05
0.000000e+00	2.185578e+05
0.000000e+00	2.322554e+05
0.000000e+00	2.414331e+05
0.000000e+00	2.306902e+05
0.000000e+00	2.184708e+05
0.000000e+00	2.212166e+05
0.000000e+00	2.245901e+05
0.000000e+00	2.232071e+05
0.000000e+00	2.347391e+05
0.000000e+00	2.276086e+05
0.000000e+00	2.326229e+05
0.000000e+00	2.190207e+05
0.000000e+00	2.194984e+05
0.000000e+00	2.229269e+05
0.000000e+00	2.159129e+05
0.000000e+00	2.233266e+05
0.000000e+00	2.438483e+05
0.000000e+00	2.439116e+05
0.000000e+00	2.385760e+05

Line="Roi_3"
0.000000e+00	2.437257e+05
0.000000e+00	2.496759e+05
0.000000e+00	2.521351e+05
0.000000e+00	2.477408e+05
0.000000e+00	2.529753e+05
0.000000e+00	2.510719e+05
0.000000e+00	2.516195e+05
0.000000e+00	2.590135e+05
0.000000e+00	2.514692e+05
0.000000e+00	2.463289e+05
0.000000e+00	2.545094e+05
0.000000e+00	2.487827e+05
0.000000e+00	2.595380e+05
0.000000e+00	2.504087e+05
0.000000e+00	2.484813e+05
0.000000e+00	2.414210e+05
0.000000e+00	2.488780e+05
0.000000e+00	2.447216e+05
0.000000e+00	2.458329e+05
0.000000e+00	2.368391e+05
0.000000e+00	2.440921e+05
0.000000e+00	2.471081e+05
0.000000e+00	2.452641e+05
0.000000e+00	2.356662e+05
0.000000e+00	2.505705e+05
0.000000e+00	2.415335e+05
0.000000e+00	2.463272e+05
0.000000e+00	2.470260e+05
0.000000e+00	2.452295e+05
0.000000e+00	2.479984e+05
0.000000e+00	2.403968e+05
0.000000e+00	2.473607e+05

Line="Roi_4"
0.000000e+00	1.963413e+05
0.000000e+00	1.964298e+05
0.000000e+00	1.966421e+05
0.000000e+00	2.010107e+05
0.000000e+00	2.004871e+05
0.000000e+00	2.104555e+05
0.000000e+00	1.966120e+05
0.000000e+00	1.904937e+05
0.000000e+00	1.908465e+05
0.000000e+00	1.953112e+05
0.000000e+00	2.011401e+05
0.000000e+00	1.944351e+05
0.000000e+00	1.960254e+05
0.000000e+00	1.958529e+05
0.000000e+00	2.063664e+05
0.000000e+00	2.026934e+05
0.000000e+00	2.040122e+05
0.000000e+00	1.955523e+05
0.000000e+00	2.000039e+05
0.000000e+00	1.986048e+05
0.000000e+00	1.846894e+05
0.000000e+00	1.989913e+05
0.000000e+00	2.043984e+05
0.000000e+00	1.937089e+05
0.000000e+00	2.018563e+05
0.000000e+00	1.828733e+05
0.000000e+00	2.058423e+05
0.000000e+00	2.002639e+05
0.000000e+00	1.774437e+05
0.000000e+00	1.848413e+05
0.000000e+00	1.775779e+05
0.000000e+00	2.049157e+05

