ROI name    Roi_1                   Roi_2                   Roi_3                   Roi_4                   
ROI area        0.31 cm2                   0.14 cm2                   0.28 cm2                   0.14 cm2               
user units  mean     std dev  func  mean     std dev  func  mean     std dev  func  mean     std dev  func  
0            566250  121940   no     538132  121116   no     607668  250413   no     509800  64284.7  no    
0            459020  118247   no     429963  114985   no     506375  240703   no     390981  48119.7  no    
0            325920  105712   no     302763  101976   no     349578  200072   no     246130  40634.3  no    
0            265557   98596   no     248207   96006   no     296288  183543   no     196879  39627.3  no    
0            198302   92149   no     186554   91272   no     222542  158484   no     128279  32918.6  no    
0            170963   84925   no     158166   88220   no     187422  148611   no     107963  27956.7  no    
0            131935   81369   no     122089   80111   no     151100  133231   no      76806  29262.5  no    
0            119050   76884   no     104593   78926   no     136513  125144   no      60300  25712.4  no    
0             96469   72392   no      85895   73029   no     118745  114254   no      47436  21743.9  no    
0             91141   69944   no      75831   72492   no     107580  108352   no      42968  22081.4  no    
0             75182   63195   no      68479   66048   no      96823  101884   no      37380  21321.8  no    
0             70494   59856   no      63719   62101   no      91166   97377   no      33223  18471.7  no    
Title="Plot"
Xaxis="user units"
Yaxis="no scaling"

Line="Roi_1"
0.000000e+00	5.662502e+05
0.000000e+00	4.590203e+05
0.000000e+00	3.259202e+05
0.000000e+00	2.655574e+05
0.000000e+00	1.983018e+05
0.000000e+00	1.709633e+05
0.000000e+00	1.319352e+05
0.000000e+00	1.190504e+05
0.000000e+00	9.646916e+04
0.000000e+00	9.114055e+04
0.000000e+00	7.518204e+04
0.000000e+00	7.049351e+04

Line="Roi_2"
0.000000e+00	5.381323e+05
0.000000e+00	4.299630e+05
0.000000e+00	3.027626e+05
0.000000e+00	2.482065e+05
0.000000e+00	1.865545e+05
0.000000e+00	1.581656e+05
0.000000e+00	1.220890e+05
0.000000e+00	1.045931e+05
0.000000e+00	8.589481e+04
0.000000e+00	7.583130e+04
0.000000e+00	6.847890e+04
0.000000e+00	6.371852e+04

Line="Roi_3"
0.000000e+00	6.076678e+05
0.000000e+00	5.063755e+05
0.000000e+00	3.495777e+05
0.000000e+00	2.962880e+05
0.000000e+00	2.225423e+05
0.000000e+00	1.874218e+05
0.000000e+00	1.511000e+05
0.000000e+00	1.365126e+05
0.000000e+00	1.187447e+05
0.000000e+00	1.075799e+05
0.000000e+00	9.682277e+04
0.000000e+00	9.116619e+04

Line="Roi_4"
0.000000e+00	5.098005e+05
0.000000e+00	3.909810e+05
0.000000e+00	2.461303e+05
0.000000e+00	1.968795e+05
0.000000e+00	1.282794e+05
0.000000e+00	1.079633e+05
0.000000e+00	7.680594e+04
0.000000e+00	6.029961e+04
0.000000e+00	4.743625e+04
0.000000e+00	4.296830e+04
0.000000e+00	3.737980e+04
0.000000e+00	3.322327e+04

