ROI name    Roi_1                   Roi_2                   Roi_3                   Roi_4                   
ROI area        0.50 cm2                   0.28 cm2                   0.28 cm2                   0.12 cm2               
user units  mean     std dev  func  mean     std dev  func  mean     std dev  func  mean     std dev  func  
0            208602  51889.7  no     239154  137912   no     191650  55000.4  no     204377   51081   no    
0            209471  52091.8  no     227943  123050   no     192064  48619.9  no     181904   57761   no    
0            205754  48652.6  no     230411  123274   no     191749  54089.6  no     177491   62340   no    
0            209556  53430.9  no     232570  122748   no     201746  49525.2  no     204444   52656   no    
0            210753  51724.6  no     229433  110523   no     193147  49789.1  no     207940   53603   no    
0            208728  51460.2  no     222082  110728   no     189706  47087.6  no     193243   49320   no    
0            208381  52806.7  no     222120  103161   no     185550  51918.2  no     181901   55819   no    
0            207859  52225.0  no     223081   94450   no     195052  54205.2  no     171500   52654   no    
0            204604  52984.6  no     226761  105992   no     192848  50826.6  no     201004   51567   no    
0            207970  51830.7  no     227329  112902   no     197205  50140.1  no     215477   45850   no    
0            207696  50268.8  no     227846  106720   no     193405  53991.7  no     192975   54470   no    
0            207676  46552.2  no     243886  135889   no     191581  51436.5  no     183871   46257   no    
0            207683  51480.7  no     240359  164207   no     199320  54398.5  no     200161   58132   no    
0            208867  48650.4  no     257033  195777   no     191466  50711.8  no     170006   66165   no    
0            206348  48735.4  no     259507  212617   no     199165  58655.5  no     252695   76307   no    
0            212054  49869.2  no     277411  237111   no     192193  56829.7  no     224610   81147   no    
0            205252  41523.9  no     283838  253075   no     192617  55578.4  no     213209   85310   no    
0            209023  48766.3  no     286760  256791   no     190333  58115.8  no     226885   84936   no    
0            210724  53133.2  no     286732  261710   no     198178  57799.9  no     198995  100406   no    
0            209301  51468.2  no     278241  255730   no     192250  55065.7  no     184982   88328   no    
0            208334  49620.2  no     271022  256699   no     188750  55727.5  no     195526   76999   no    
0            207759  50861.7  no     276436  249164   no     194606  58764.9  no     219041   84473   no    
0            212468  50367.5  no     266584  231594   no     195369  57912.6  no     231010   74374   no    
0            208477  51963.7  no     264221  218637   no     191692  53441.0  no     215463   63031   no    
0            207393  46759.7  no     255365  212511   no     195864  49165.9  no     187650   62642   no    
0            207366  54587.9  no     248892  204662   no     191463  53263.5  no     191613   68210   no    
0            208508  48822.8  no     252930  186156   no     189617  57875.0  no     204740   61626   no    
0            210417  49085.8  no     249031  186839   no     191076  51891.1  no     216592   65977   no    
0            204392  48280.0  no     248286  197836   no     194636  53275.8  no     189713   60279   no    
0            207830  53745.2  no     255381  206831   no     192358  52142.0  no     185149   50736   no    
0            208999  51531.0  no     258119  228043   no     183911  52287.2  no     222460   69698   no    
0            212854  52765.5  no     274381  269536   no     192121  53177.9  no     234043   83619   no    
Title="Plot"
Xaxis="user units"
Yaxis="no scaling"

Line="Roi_1"
0.000000e+00	2.086017e+05
0.000000e+00	2.094715e+05
0.000000e+00	2.057537e+05
0.000000e+00	2.095563e+05
0.000000e+00	2.107527e+05
0.000000e+00	2.087276e+05
0.000000e+00	2.083813e+05
0.000000e+00	2.078591e+05
0.000000e+00	2.046041e+05
0.000000e+00	2.079704e+05
0.000000e+00	2.076957e+05
0.000000e+00	2.076759e+05
0.000000e+00	2.076828e+05
0.000000e+00	2.088670e+05
0.000000e+00	2.063483e+05
0.000000e+00	2.120543e+05
0.000000e+00	2.052522e+05
0.000000e+00	2.090232e+05
0.000000e+00	2.107243e+05
0.000000e+00	2.093010e+05
0.000000e+00	2.083337e+05
0.000000e+00	2.077589e+05
0.000000e+00	2.124680e+05
0.000000e+00	2.084766e+05
0.000000e+00	2.073926e+05
0.000000e+00	2.073664e+05
0.000000e+00	2.085085e+05
0.000000e+00	2.104171e+05
0.000000e+00	2.043922e+05
0.000000e+00	2.078304e+05
0.000000e+00	2.089992e+05
0.000000e+00	2.128545e+05

Line="Roi_2"
0.000000e+00	2.391535e+05
0.000000e+00	2.279434e+05
0.000000e+00	2.304113e+05
0.000000e+00	2.325704e+05
0.000000e+00	2.294334e+05
0.000000e+00	2.220816e+05
0.000000e+00	2.221204e+05
0.000000e+00	2.230806e+05
0.000000e+00	2.267614e+05
0.000000e+00	2.273286e+05
0.000000e+00	2.278460e+05
0.000000e+00	2.438862e+05
0.000000e+00	2.403590e+05
0.000000e+00	2.570333e+05
0.000000e+00	2.595066e+05
0.000000e+00	2.774115e+05
0.000000e+00	2.838383e+05
0.000000e+00	2.867600e+05
0.000000e+00	2.867319e+05
0.000000e+00	2.782407e+05
0.000000e+00	2.710222e+05
0.000000e+00	2.764362e+05
0.000000e+00	2.665840e+05
0.000000e+00	2.642205e+05
0.000000e+00	2.553647e+05
0.000000e+00	2.488922e+05
0.000000e+00	2.529296e+05
0.000000e+00	2.490312e+05
0.000000e+00	2.482859e+05
0.000000e+00	2.553815e+05
0.000000e+00	2.581187e+05
0.000000e+00	2.743813e+05

Line="Roi_3"
0.000000e+00	1.916497e+05
0.000000e+00	1.920639e+05
0.000000e+00	1.917491e+05
0.000000e+00	2.017463e+05
0.000000e+00	1.931467e+05
0.000000e+00	1.897061e+05
0.000000e+00	1.855500e+05
0.000000e+00	1.950520e+05
0.000000e+00	1.928478e+05
0.000000e+00	1.972047e+05
0.000000e+00	1.934046e+05
0.000000e+00	1.915812e+05
0.000000e+00	1.993205e+05
0.000000e+00	1.914663e+05
0.000000e+00	1.991649e+05
0.000000e+00	1.921926e+05
0.000000e+00	1.926173e+05
0.000000e+00	1.903331e+05
0.000000e+00	1.981780e+05
0.000000e+00	1.922504e+05
0.000000e+00	1.887495e+05
0.000000e+00	1.946059e+05
0.000000e+00	1.953694e+05
0.000000e+00	1.916923e+05
0.000000e+00	1.958643e+05
0.000000e+00	1.914630e+05
0.000000e+00	1.896168e+05
0.000000e+00	1.910764e+05
0.000000e+00	1.946363e+05
0.000000e+00	1.923583e+05
0.000000e+00	1.839110e+05
0.000000e+00	1.921206e+05

Line="Roi_4"
0.000000e+00	2.043769e+05
0.000000e+00	1.819040e+05
0.000000e+00	1.774909e+05
0.000000e+00	2.044437e+05
0.000000e+00	2.079399e+05
0.000000e+00	1.932432e+05
0.000000e+00	1.819013e+05
0.000000e+00	1.715003e+05
0.000000e+00	2.010035e+05
0.000000e+00	2.154774e+05
0.000000e+00	1.929745e+05
0.000000e+00	1.838714e+05
0.000000e+00	2.001611e+05
0.000000e+00	1.700060e+05
0.000000e+00	2.526951e+05
0.000000e+00	2.246096e+05
0.000000e+00	2.132094e+05
0.000000e+00	2.268853e+05
0.000000e+00	1.989946e+05
0.000000e+00	1.849824e+05
0.000000e+00	1.955262e+05
0.000000e+00	2.190411e+05
0.000000e+00	2.310105e+05
0.000000e+00	2.154629e+05
0.000000e+00	1.876497e+05
0.000000e+00	1.916127e+05
0.000000e+00	2.047402e+05
0.000000e+00	2.165918e+05
0.000000e+00	1.897126e+05
0.000000e+00	1.851494e+05
0.000000e+00	2.224600e+05
0.000000e+00	2.340430e+05

