ROI name    Roi_1                   Roi_2                   Roi_3                   Roi_4                   
ROI area        0.48 cm2                   0.24 cm2                   0.30 cm2                   0.15 cm2               
user units  mean     std dev  func  mean     std dev  func  mean     std dev  func  mean     std dev  func  
0            237546  59948.3  no     301925  168172   no     205820  40646.2  no     241160   92539   no    
0            232711  57267.1  no     287356  159207   no     202405  40377.5  no     236497   90343   no    
0            232530  59924.4  no     283766  159350   no     206490  43400.6  no     255072   91557   no    
0            235012  57257.1  no     283138  143869   no     207012  41611.7  no     246979   88342   no    
0            233444  54280.3  no     277801  139880   no     206735  34183.0  no     231200   85213   no    
0            231623  58418.9  no     286514  140464   no     203099  41505.4  no     240926   78762   no    
0            232203  59625.7  no     271789  134353   no     208025  37882.3  no     224771   85601   no    
0            232494  55759.1  no     271785  135223   no     208357  37348.5  no     237884   78922   no    
0            230120  61739.6  no     277329  124031   no     211388  40216.9  no     242026   80084   no    
0            225951  64527.1  no     286858  141332   no     211119  38744.0  no     240004   81636   no    
0            227567  58978.8  no     282350  144325   no     207891  42048.6  no     243762   86649   no    
0            233031  58413.8  no     310281  166914   no     212318  41352.6  no     238527   90922   no    
0            231400  57955.8  no     304658  188905   no     204113  36033.8  no     285202  104100   no    
0            231567  58278.7  no     327172  211942   no     205220  36367.5  no     261991  109776   no    
0            230125  61380.3  no     337913  235031   no     207062  35565.9  no     300837  118209   no    
0            233043  62140.2  no     357204  248365   no     202019  39758.6  no     291135  127766   no    
0            230876  56160.3  no     370802  264277   no     204020  43495.4  no     292908  132122   no    
0            234232  59792.7  no     367394  275524   no     206727  40860.7  no     312508  134201   no    
0            238624  62908.6  no     374454  272067   no     209882  41356.4  no     287310  125690   no    
0            238235  62220.1  no     356181  257266   no     199151  39215.9  no     281776  122749   no    
0            237206  61552.7  no     353510  252271   no     210371  36627.0  no     279107  113056   no    
0            229271  63627.4  no     345926  239256   no     205008  37418.3  no     279160  124664   no    
0            230988  60642.2  no     329954  219462   no     203468  41424.1  no     283223  112678   no    
0            232288  61418.7  no     329500  218594   no     203334  42005.2  no     258698  104588   no    
0            232730  61414.9  no     315874  206295   no     202131  37090.8  no     264553  102880   no    
0            232381  63359.4  no     317250  203897   no     198377  37842.1  no     274537  107495   no    
0            230288  59441.0  no     311582  188931   no     203675  44639.3  no     240608   97611   no    
0            229918  56728.9  no     300464  183631   no     201090  39647.5  no     251550   98097   no    
0            230783  58978.7  no     305396  187998   no     202222  32694.2  no     254491   96001   no    
0            233608  62810.4  no     313183  195452   no     195523  38197.8  no     242582  102562   no    
0            235252  61395.7  no     335293  220855   no     197364  39203.5  no     243479  108579   no    
0            233159  62304.1  no     344166  231754   no     204058  36545.8  no     296900  114321   no    
Title="Plot"
Xaxis="user units"
Yaxis="no scaling"

Line="Roi_1"
0.000000e+00	2.375465e+05
0.000000e+00	2.327108e+05
0.000000e+00	2.325300e+05
0.000000e+00	2.350120e+05
0.000000e+00	2.334443e+05
0.000000e+00	2.316231e+05
0.000000e+00	2.322034e+05
0.000000e+00	2.324943e+05
0.000000e+00	2.301202e+05
0.000000e+00	2.259511e+05
0.000000e+00	2.275670e+05
0.000000e+00	2.330314e+05
0.000000e+00	2.314003e+05
0.000000e+00	2.315672e+05
0.000000e+00	2.301248e+05
0.000000e+00	2.330432e+05
0.000000e+00	2.308764e+05
0.000000e+00	2.342322e+05
0.000000e+00	2.386236e+05
0.000000e+00	2.382353e+05
0.000000e+00	2.372058e+05
0.000000e+00	2.292713e+05
0.000000e+00	2.309883e+05
0.000000e+00	2.322882e+05
0.000000e+00	2.327301e+05
0.000000e+00	2.323805e+05
0.000000e+00	2.302881e+05
0.000000e+00	2.299185e+05
0.000000e+00	2.307830e+05
0.000000e+00	2.336084e+05
0.000000e+00	2.352523e+05
0.000000e+00	2.331589e+05

Line="Roi_2"
0.000000e+00	3.019253e+05
0.000000e+00	2.873563e+05
0.000000e+00	2.837662e+05
0.000000e+00	2.831381e+05
0.000000e+00	2.778014e+05
0.000000e+00	2.865135e+05
0.000000e+00	2.717890e+05
0.000000e+00	2.717852e+05
0.000000e+00	2.773293e+05
0.000000e+00	2.868580e+05
0.000000e+00	2.823503e+05
0.000000e+00	3.102812e+05
0.000000e+00	3.046583e+05
0.000000e+00	3.271723e+05
0.000000e+00	3.379127e+05
0.000000e+00	3.572036e+05
0.000000e+00	3.708022e+05
0.000000e+00	3.673941e+05
0.000000e+00	3.744535e+05
0.000000e+00	3.561805e+05
0.000000e+00	3.535102e+05
0.000000e+00	3.459255e+05
0.000000e+00	3.299542e+05
0.000000e+00	3.294998e+05
0.000000e+00	3.158744e+05
0.000000e+00	3.172495e+05
0.000000e+00	3.115819e+05
0.000000e+00	3.004640e+05
0.000000e+00	3.053958e+05
0.000000e+00	3.131829e+05
0.000000e+00	3.352934e+05
0.000000e+00	3.441655e+05

Line="Roi_3"
0.000000e+00	2.058202e+05
0.000000e+00	2.024049e+05
0.000000e+00	2.064897e+05
0.000000e+00	2.070120e+05
0.000000e+00	2.067352e+05
0.000000e+00	2.030990e+05
0.000000e+00	2.080247e+05
0.000000e+00	2.083572e+05
0.000000e+00	2.113882e+05
0.000000e+00	2.111191e+05
0.000000e+00	2.078907e+05
0.000000e+00	2.123185e+05
0.000000e+00	2.041127e+05
0.000000e+00	2.052205e+05
0.000000e+00	2.070618e+05
0.000000e+00	2.020193e+05
0.000000e+00	2.040204e+05
0.000000e+00	2.067274e+05
0.000000e+00	2.098823e+05
0.000000e+00	1.991515e+05
0.000000e+00	2.103705e+05
0.000000e+00	2.050083e+05
0.000000e+00	2.034677e+05
0.000000e+00	2.033340e+05
0.000000e+00	2.021309e+05
0.000000e+00	1.983773e+05
0.000000e+00	2.036746e+05
0.000000e+00	2.010895e+05
0.000000e+00	2.022225e+05
0.000000e+00	1.955226e+05
0.000000e+00	1.973637e+05
0.000000e+00	2.040582e+05

Line="Roi_4"
0.000000e+00	2.411602e+05
0.000000e+00	2.364969e+05
0.000000e+00	2.550724e+05
0.000000e+00	2.469789e+05
0.000000e+00	2.312004e+05
0.000000e+00	2.409258e+05
0.000000e+00	2.247707e+05
0.000000e+00	2.378840e+05
0.000000e+00	2.420257e+05
0.000000e+00	2.400035e+05
0.000000e+00	2.437620e+05
0.000000e+00	2.385271e+05
0.000000e+00	2.852015e+05
0.000000e+00	2.619913e+05
0.000000e+00	3.008370e+05
0.000000e+00	2.911352e+05
0.000000e+00	2.929079e+05
0.000000e+00	3.125085e+05
0.000000e+00	2.873098e+05
0.000000e+00	2.817759e+05
0.000000e+00	2.791073e+05
0.000000e+00	2.791598e+05
0.000000e+00	2.832234e+05
0.000000e+00	2.586982e+05
0.000000e+00	2.645534e+05
0.000000e+00	2.745373e+05
0.000000e+00	2.406084e+05
0.000000e+00	2.515503e+05
0.000000e+00	2.544905e+05
0.000000e+00	2.425819e+05
0.000000e+00	2.434795e+05
0.000000e+00	2.969002e+05

