ROI name    Roi_1                    Roi_2                    Roi_3                    
ROI area        0.14 cm2                   0.10 cm2                   0.29 cm2               
user units  mean      std dev  func  mean      std dev  func  mean      std dev  func  
0            1224564  131356   no     1130202  78939.4  no     1644497  68864.8  no    
0             958922  110931   no      806249  70902.9  no     1479038  72322.8  no    
0             638069   84854   no      547912  51415.9  no     1177361  68798.3  no    
0             504365   81136   no      401435  52646.6  no     1039140  71071.2  no    
0             354349   66012   no      263594  42381.1  no      830185  64108.9  no    
0             285399   59135   no      207054  40855.7  no      745210  65380.6  no    
0             211581   50151   no      123779  33549.6  no      593981  57715.1  no    
0             168473   47725   no       95290  26760.0  no      530545  51880.5  no    
0             131402   41602   no       78718  29127.7  no      436769  50442.7  no    
0             111889   40397   no       60627  27830.2  no      378866  45730.7  no    
0              87894   35325   no       58014  26477.1  no      319484  45064.0  no    
0              80783   29745   no       50923  23424.1  no      273640  41215.2  no    
Title="Plot"
Xaxis="user units"
Yaxis="no scaling"

Line="Roi_1"
0.000000e+00	1.224564e+06
0.000000e+00	9.589215e+05
0.000000e+00	6.380691e+05
0.000000e+00	5.043645e+05
0.000000e+00	3.543486e+05
0.000000e+00	2.853991e+05
0.000000e+00	2.115813e+05
0.000000e+00	1.684731e+05
0.000000e+00	1.314020e+05
0.000000e+00	1.118887e+05
0.000000e+00	8.789356e+04
0.000000e+00	8.078342e+04

Line="Roi_2"
0.000000e+00	1.130202e+06
0.000000e+00	8.062486e+05
0.000000e+00	5.479123e+05
0.000000e+00	4.014346e+05
0.000000e+00	2.635937e+05
0.000000e+00	2.070536e+05
0.000000e+00	1.237794e+05
0.000000e+00	9.529020e+04
0.000000e+00	7.871753e+04
0.000000e+00	6.062671e+04
0.000000e+00	5.801387e+04
0.000000e+00	5.092279e+04

Line="Roi_3"
0.000000e+00	1.644497e+06
0.000000e+00	1.479038e+06
0.000000e+00	1.177361e+06
0.000000e+00	1.039140e+06
0.000000e+00	8.301845e+05
0.000000e+00	7.452100e+05
0.000000e+00	5.939815e+05
0.000000e+00	5.305454e+05
0.000000e+00	4.367691e+05
0.000000e+00	3.788664e+05
0.000000e+00	3.194837e+05
0.000000e+00	2.736402e+05

