ROI name    Roi_1                   Roi_2                   Roi_3                   
ROI area        0.26 cm2                   0.14 cm2                 0.0352 cm2               
user units  mean     std dev  func  mean     std dev  func  mean     std dev  func  
0            562080  47028.5  no     565652  98319.0  no     960215  150622   no    
0            423500  44558.9  no     418480  79012.7  no     836114  139512   no    
0            273071  39221.9  no     278711  54973.8  no     657368  116052   no    
0            212795  40377.4  no     212090  43699.0  no     566829  100974   no    
0            142925  36687.0  no     145619  31798.1  no     451002   85647   no    
0            112684  32876.5  no     114107  28540.0  no     392573   81127   no    
0             79177  30428.3  no      80712  26954.9  no     316408   73100   no    
0             66489  29986.5  no      63646  22664.8  no     288809   69968   no    
0             48223  26510.6  no      48822  21895.8  no     248410   64426   no    
0             46833  25256.4  no      42456  19601.2  no     214075   68172   no    
0             36962  20180.1  no      37094  15469.9  no     180416   60480   no    
0             35087  20077.8  no      33295  16116.2  no     156691   59341   no    
Title="Plot"
Xaxis="user units"
Yaxis="no scaling"

Line="Roi_1"
0.000000e+00	5.620796e+05
0.000000e+00	4.234997e+05
0.000000e+00	2.730708e+05
0.000000e+00	2.127952e+05
0.000000e+00	1.429254e+05
0.000000e+00	1.126845e+05
0.000000e+00	7.917691e+04
0.000000e+00	6.648855e+04
0.000000e+00	4.822262e+04
0.000000e+00	4.683301e+04
0.000000e+00	3.696214e+04
0.000000e+00	3.508667e+04

Line="Roi_2"
0.000000e+00	5.656518e+05
0.000000e+00	4.184801e+05
0.000000e+00	2.787112e+05
0.000000e+00	2.120904e+05
0.000000e+00	1.456185e+05
0.000000e+00	1.141070e+05
0.000000e+00	8.071167e+04
0.000000e+00	6.364596e+04
0.000000e+00	4.882151e+04
0.000000e+00	4.245602e+04
0.000000e+00	3.709410e+04
0.000000e+00	3.329517e+04

Line="Roi_3"
0.000000e+00	9.602147e+05
0.000000e+00	8.361144e+05
0.000000e+00	6.573684e+05
0.000000e+00	5.668287e+05
0.000000e+00	4.510019e+05
0.000000e+00	3.925727e+05
0.000000e+00	3.164082e+05
0.000000e+00	2.888094e+05
0.000000e+00	2.484105e+05
0.000000e+00	2.140749e+05
0.000000e+00	1.804161e+05
0.000000e+00	1.566907e+05

