20671.23
19863.691
19575.115
19599.615
19217.961
18950.654
18389.346
18464.039
18407.615
18244.576
18195.23
17942.23
17904.309
17401.576
16900.154
16065.846
15452.923
14410.577
13078.885
11215.885
8383.077
5274
2336.5
1190.5
2393.846
4721.192
7481.885
9961.77
11889.885
13107.962
14328.654
15289.808
16019.5
16564.23
17103.27
17189.885
17432.309
17680.615
17902.539
18319.846
18350.346
18185.654
18336.191
18570.385
18502.461
18679.154
18640.5
18540.385
18615.424
18630.924
18692.885
18689.77
18686.309
18656.461
18473.924
18628.691
18197.309
17951.885
17760.73
17518.27
17322.73
17458.23
17505.961
18041.23
18183.424
18519.191
19024.654
18967.23
19065.309
19005.27
19155.424
19166.385
19263.846
19406.73
19128.191
19154.885
19208.27
19322.73
19323.809
19171.576
19160.5
19048.27
19053.691
19025.424
19362.346
19423.809
19214.539
19077.115
19143.461
19433.73
19338.346
19260.961
19020.115
19110.615
19203.5
19461.654
19631.461
19420.27
19165.885
19360.039
19218.885
19355.73
19347.385
19492.191
19314.576
