22421.076
21102.23
20986.115
21018.385
20476.846
20188.809
20024.77
19847
19629.615
19631.961
19441.27
19259.309
18806.191
18639.23
18327.115
17915.539
17195.539
16184.385
15042.462
13246.192
10963.385
8102.154
4440
1803.231
1118.885
2891.769
5728.308
8754.538
10965.577
12869.192
14658.27
15614.885
16307.385
16882.309
17458
18260.885
18432.461
18576.924
18901.115
19007.539
19108.885
19379.615
19479.576
19502.809
19593.039
19667.23
19726.539
19900.154
19705.076
19824.5
19812.5
19927.809
19566.809
19830.27
19663.924
19573.615
19232.77
18897.191
18561.654
18353.924
18027.885
17960.23
18017.654
18559.5
19053.461
19390.576
19650.73
20103.076
20266
20247.461
20290.309
20198.461
20382.576
20566.576
20510.691
20509.191
20390.309
20542.191
20449.154
20464.154
20551.385
20472.809
20548.385
20508.191
20366.961
20429.615
20583.654
20652.309
20468.5
20483.346
20439.73
20453.461
20620.424
20649.924
20578.27
20451.576
20392.076
20691.191
20624.73
20752.039
20591.424
20609.73
20732.115
20645.039
20485.5
