19178.885
18208.77
18018.309
18125.309
17771.73
17402.77
17250.691
17431.885
17177
16981.961
16978.961
16765.961
16388.5
16113.73
15818
15269.308
14517.038
13627.962
12467.077
10731.846
8599.923
5840.039
2649.154
1109.077
1698.231
3562
6265.615
8437.654
10127.077
11569.615
12920.577
13827.577
14313.462
14896.077
15250.038
15599.846
16040.308
16169.308
16316.346
16453.961
16416.039
16648.191
16736.424
16828.23
16950.924
16988.809
17025.5
16966.424
17042.846
17000.73
17302.961
17159.539
16957.73
17064
16623.691
16749.691
16313.808
16023.27
15612.23
15028.654
14670
14731.846
15122.192
15774.923
16275.808
16541.77
16840.23
17199.846
17309
17592.885
17754.154
17717.191
17830.615
17680.346
17772.346
17808.191
17893.309
17867.691
17693.23
17562.691
17636.924
17518.809
17744.191
17883.424
17662.27
17527.654
17644.654
17650.691
17773.5
17705.309
17728.924
17837.23
17577.461
17735.27
17855.154
17903.154
17852.115
17766.539
17845.115
17997.77
17865.23
17969.27
17754.424
17979.27
17951.309
