20057.346
17628.191
17189.961
17332.27
16419.309
16303.423
16219.5
15991.77
15882.385
16028.192
15489.077
15370.27
15051.423
14840.615
14085.154
13333.154
12150.77
10864.885
8989.038
6487.154
3831.654
1488.692
1087.423
2615.654
5319.231
7850.961
9832.346
11333.538
12236.885
13213.115
13948.423
14427.962
14853.308
14891.885
15053.346
15315.346
15561.423
15465.308
15685.462
15860.385
16059.77
16039.5
16002.077
15959.385
16239.192
15983.577
16104.577
16158.77
15975.577
16043.154
15968.692
15978.885
15835.115
15525.115
15104.538
14794.308
14303.038
13877.538
13498.115
13521.308
13994.192
14643.5
15237.23
15649.423
16212.923
16404.115
16486.27
16576.961
16755.424
16635.309
16791.576
16794.461
16798.691
16840.424
16985.461
16897.809
17020.809
16780
16948.385
16854.154
16892.461
16954.654
16928.961
16928.654
16917.309
16892.691
16916.539
16961.424
16854.076
16866.424
17007.77
17130.961
16980.615
16905.924
16885.885
16765.809
17180.309
16957.461
16889.27
17008.309
16903
17005.809
17060.191
17158.615
17098.961
