20781.73
18981.961
19026.385
18917.615
17903.27
17750.346
17599.154
17400.885
17325.039
17160.076
16806.27
16448.924
16197.27
15578.5
14846.73
14071.77
12945.423
11447.23
9461.27
6897.769
4153.961
1795.577
905.077
1772.769
4066.539
6389.077
8624.962
10327.615
11733.308
12839.115
13574.115
14375.462
14902.154
15311.462
15634.115
15862.808
15823.346
16304.038
16383.962
16688.654
16614.615
16707.039
16639.846
16809.076
16924.076
16667.885
16800.615
16755
16614.076
16403.691
16402.039
16204.308
15872
15402.154
14788.885
14034.846
13236
12468.654
11663.27
11303.308
11936.154
13063.385
14412.692
15270.5
16216.462
16599.23
17142.576
17273.924
17728.576
17779.924
17901.424
17855.23
17887.5
18120.809
18152.039
18299.424
18294.924
18194.191
18239.961
18105.115
18282.076
18320.346
18284.309
18392.654
18093.191
18201.576
18286.691
18380.615
18285.77
18367.23
18379
18419.424
18309.191
18439.346
18303.076
18261.424
18312.27
18430.461
18455.539
18448.654
18315.191
18385.115
18517
18387.115
18371.346
