21675.576
19948.115
20014.539
19869.346
18861.309
18542.424
18628.23
18423.385
18153.77
17909.309
17704.424
17204.924
17053.654
16598.461
15980.538
15409.962
14417.308
13308.846
11543.577
9449.385
7080.923
4348.923
1866.769
1009.077
1765.115
3890.269
5896.423
8210.73
9954.73
11756.385
12724.692
13660.577
14553.577
15062.154
15559.885
15745.27
16216.5
16707.309
16662.424
16688.576
16993.961
16982.924
17188.846
17280.539
17240.77
17046.115
17199.691
17313.961
17180.539
17176.576
16872
16681.385
16430
16165.962
15445.27
14874
14031.346
13258.462
12234.154
11156.5
10968.577
11623.77
12745.538
14309.462
15510.538
16312.077
17009.309
17554.5
17959.191
18523.076
18499.654
18529
18477.27
18918.23
18856.309
19052.076
19086.885
18945.5
18885.654
19053.154
19040.615
19292.076
19246.309
19283.809
19131.77
19050.691
19137.691
19249.924
19175.309
19101.191
19046.23
19045.309
19486.039
19382.461
19146.076
19193.191
19022.076
19088.27
19511.654
19362.076
19441.424
19222.924
19252
19543.539
19450.576
