17032.428
14957.096
14539.19
14737.952
12421
12183.429
12199.238
11473.667
11051
10492.667
9471.19
8759.523
7736.19
6447.857
4907.476
3733.572
2313.095
1717.381
1149.905
1193.238
1773
2566.81
3209.905
4585.667
5620.286
6544.524
7176.952
8404.571
8841.381
9192.667
9722.381
10008.904
10257
10721.333
10874
10973.477
11251.333
11784
11761.477
11745.952
11792.096
11991.238
12061.81
12220.952
12355.904
12254.81
12201.19
12373.667
12612.952
12325.81
12917.477
12361.762
12896.523
12785.096
13003.762
12724.904
13127.429
13335.762
13059.571
13350.238
13560.714
13368.904
13598.143
13482.952
13579.857
13696.667
13912.523
13945.429
13800.143
14100.571
13864.381
14076.523
14029.238
14228.81
14149.714
14178.429
14231.667
14291.048
14053.19
14121.477
14545.952
14463.333
14454.286
14558.048
14226.857
14212.714
14121.857
14469.523
14442.143
14547.619
14237.477
14248.333
14687.048
14602.571
14573.619
14492.238
14415
14328.381
14318
14534.904
14725.667
14645.81
14447.714
14760
14574.952
