24369.781
20893.969
20759.156
20912.5
19552.25
19381.188
19153.344
18938.625
18538.094
18327.688
17965.594
17557.906
16824.281
16149.312
15214.75
13834.969
12672.281
10644.906
8678.625
6133.156
3622.531
2215.5
1531.531
1774.094
3111.375
4912.531
7039.5
8906.594
10559.562
11756.594
12997.188
13779.031
14681.812
15000.969
15749.5
16051.656
16487.875
16739
17109.812
17104.406
17220.781
17354.5
17664.219
17604.781
17692.75
17746.062
17675.312
18046.844
18189.312
18012.125
18087.406
18242.375
17976.875
18049.375
18174.062
18172.688
18280.156
18330.125
18384.156
18347.375
18457.969
18526.938
18721.031
18836.656
19024.656
19080.781
19294.156
19448.312
19536.031
19643.562
19669
19834.219
19626.062
19814.219
20013.125
19845.344
20034.531
20126.312
20152.844
20101.594
20228.344
20362.781
20175.656
20144.906
20133.438
20390.531
20228.906
20524.844
20471.344
20441.375
20146.812
20245.812
20394.688
20678.844
20462.469
20503.875
20721.719
20505.094
20598.406
20477.125
20493.438
20451.438
20401.75
20442.656
20114.438
