21850.094
19206.156
19173.719
19200.969
17970.969
17614.469
17315.844
17338.344
16869.812
16016.938
15771.094
15096.969
14463.375
13351.25
12409.5
11000.844
9095.344
7404.375
4833.406
2870.844
1800.219
1493.375
1847.688
2881.812
4393.875
6208.75
7651.406
9303.812
10166.5
11435.25
12040.125
12787.688
13194.844
13908.875
14269.656
14807.156
14933.75
15116.938
15322.438
15460.125
15704.156
15720.031
16031.594
16269.75
16185.406
16317.438
16025.312
16357.188
16130.031
16399.531
16308
16473.188
16148.188
16330.781
16306.188
16442.344
16241.031
16884.406
16543.812
16857.438
16936.031
17042.594
17041.812
17415.25
17529.281
17705.719
17768
17921.719
18272.25
18066.875
18193.844
18376.844
18560.875
18603.188
18549.969
18700.062
18733.312
18703.344
18699.938
18566.406
18751.188
18692.688
18689.25
18875.875
18869.062
18918.719
18855.219
19103.781
18920.75
19168.875
19172.719
19103.719
19177.312
19136.781
19083.625
18984.312
18942.688
19070.281
19070.375
19198.25
19184.062
18895.25
19039.938
19050.031
19227.531
