23817.25
20898.406
20934.875
20761.812
19144.156
18823.531
18599.438
18020.375
18060.281
17357.688
16900.375
16018.188
15650.031
14563.188
13496.25
12240.938
10630.156
8926.406
7049.656
5203.188
3219.625
2058.719
1470.781
1178.938
1839.562
2669.625
4080.594
5383.438
6606.781
7942.938
8977
9877.094
10779.156
11867.594
12271.531
12828.969
13265.156
13641.781
14065.688
14514.656
14604.594
14837.375
14726.531
15106.906
15511.812
15389.906
15444.438
15383.938
15451.562
15735.812
15877.844
15902.844
15542.156
15676.688
15966.875
16009.219
15853.719
15900.5
16106.75
16442.25
16401.375
16631.125
16677.969
17129.312
17306.438
17564.281
17549.156
17942.531
18176.812
18599.906
18838.656
18785.5
19092.281
19129.438
19449.344
19641.156
19645.312
20031.562
19862.281
19956.5
19874.688
20077.656
20200.5
20305.625
20187.531
20174.062
20058.562
20188.844
20417.156
20658.344
20477.438
20543.469
20247.125
20487.781
20251.969
20462.438
20582.969
20607.438
20531.312
20455.562
20201.281
20412.375
20425.562
20658.281
20565.625
