20075.312
17991.406
18226.75
18072.438
16130.375
15502.688
15328.469
14695.656
14272.219
13649.156
13076.656
12029.25
11349.938
9926.469
8695.156
7057.938
5741.438
4218.281
2818.594
1754.656
1409.438
1344.219
1507.188
2383.156
3094.812
4024.531
4949.75
5798.344
6823.438
7702.375
8254.531
9156.562
9504.656
10191.312
10651.688
10741.594
11108.906
11105.438
11565.719
11934.188
12083.281
12201
12336.938
12541.781
12771.844
12617.188
12514.406
12514.719
12713.562
12847.438
12592
12764.688
12523.281
12844.156
12881.219
12936.5
12950.062
13209.469
13435.5
13732.375
13686.5
13984.719
14094.969
14448.031
14930.688
15088.719
15323.719
15495.906
15797
15876.406
16226.344
16590.656
16346.281
16552.719
16656.594
16720.656
17126.594
17272.75
17146.656
17253.969
17188.844
16922.875
17261.781
17415.344
17487.531
17352.562
17450.062
17514.969
17796
17584.719
17533.406
17738.188
17575.688
17789.25
17435.312
17942.688
17603.188
17691.594
17911.062
17938.062
17692.656
17563.875
17511.375
17677.875
17511.312
