23442.531
20205.406
20060.125
20028.344
19030.719
18896.812
18637.469
18610.562
18290.594
17985.062
17508.281
17417.062
17111.625
16751.312
16250.188
15732.625
14913.688
14137.438
13275.656
12440.875
11053.781
9329.906
7983
6001.406
4396.781
3023.562
2028.438
1203.219
1079.312
1465.844
1908.188
2679.062
4048.812
5007.062
6006.812
6979.406
7603.219
8904.469
9478.719
10100.344
10874.062
11327.969
11901.625
12004.25
12604.625
12635.406
12904.25
12888.688
13242.156
13493.844
13469.875
13618.938
13621.719
13641.156
13849.625
13799
13559.688
13678.875
13879.25
14018.844
13822.812
13941.5
13949.188
14414.469
14642.406
14621.281
14666.094
14805.312
15463.125
15776.094
16201.125
16134.312
16239.75
16762.875
17043.188
17556.312
17985.688
18054.688
18312.125
18077.156
18035.312
18458.594
18782.188
19167.406
18822.312
18494.688
18822.969
19015.938
19443.531
19702.438
19676.688
19369.062
19233.719
19434.781
19428.531
19610.219
19811.625
19767.625
19747.156
19792.406
19332.281
19571.094
19576.406
19854.906
19889.375
