22832.281
19580.219
19280.906
19274.156
17869.719
17429.781
17235.562
17316.062
16920.75
16847.656
16323.031
15797.719
15491.562
14959.406
14247.469
13603.188
12705.062
11869.562
10518.75
9388
8234.5
6789.875
5160.438
3987.031
2688.125
1624.844
1282.688
1137.562
1575.562
1993.406
2632.062
3313.781
4098.625
5222.656
5994.344
6946.875
7721.781
8318.562
8960.094
9555.688
10118.406
10292.312
10774.375
10773.969
11013.188
11526.812
11531.406
11858.688
11566
11786.156
12102.281
12265.562
13695.344
13473.688
13026.406
12898.719
12933.188
12800.188
12710.719
12726.188
13250.312
13103.844
13057.719
13303.25
13507.281
13980.969
14071.281
14275.562
14433.25
15007.875
15561.906
16029.594
16073.469
16502.438
16554.688
17052.688
17430.781
17565.75
17566.375
18176.094
18255.969
18199.5
18243.031
18392.312
19018.281
18868.094
18722.125
18722.75
18441.562
19009.156
19041.281
19308.281
19550.062
19103.656
19257.062
18910
19140.562
19462.812
19614.562
19512.781
19417.344
19228.844
19550.875
19410.969
19482.719
