ROI name    Roi_1                   Roi_2                   Roi_3                   Roi_4                   
ROI area        0.15 cm2                 0.0996 cm2                   0.19 cm2                   0.14 cm2               
user units  mean     std dev  func  mean     std dev  func  mean     std dev  func  mean     std dev  func  
0            394306  49311.3  no     311061  79085.9  no     313302  30949.3  no     356467  98244.3  no    
0            333305  59152.7  no     248640  64247.0  no     239535  26849.3  no     290704  77618.2  no    
0            247675  63941.8  no     157780  39920.8  no     149650  21239.8  no     198663  65756.9  no    
0            204586  66133.7  no     128802  34422.0  no     115887  18757.3  no     163518  59363.1  no    
0            168870  68247.9  no      86161  23907.8  no      68537  14850.6  no     118501  50629.4  no    
0            135974  68943.4  no      73205  18436.6  no      59683  14404.7  no     102471  47379.4  no    
0            112090  64439.8  no      43388  14603.4  no      40047  11063.4  no      80173  41336.6  no    
0            101945  64285.5  no      39766  12034.8  no      29691  10249.4  no      70473  43514.0  no    
0             81733  60779.0  no      28447  10646.3  no      22138   8501.2  no      58213  39436.0  no    
0             72176  60065.9  no      22361   9566.1  no      19662   9202.1  no      56112  39725.7  no    
0             63569  56161.2  no      20506   8824.2  no      15100   8236.0  no      48532  34160.7  no    
0             54927  51895.3  no      18381   7879.6  no      14741   7243.0  no      47230  34156.8  no    
Title="Plot"
Xaxis="user units"
Yaxis="no scaling"

Line="Roi_1"
0.000000e+00	3.943064e+05
0.000000e+00	3.333045e+05
0.000000e+00	2.476750e+05
0.000000e+00	2.045856e+05
0.000000e+00	1.688698e+05
0.000000e+00	1.359741e+05
0.000000e+00	1.120905e+05
0.000000e+00	1.019447e+05
0.000000e+00	8.173260e+04
0.000000e+00	7.217560e+04
0.000000e+00	6.356918e+04
0.000000e+00	5.492659e+04

Line="Roi_2"
0.000000e+00	3.110614e+05
0.000000e+00	2.486403e+05
0.000000e+00	1.577804e+05
0.000000e+00	1.288021e+05
0.000000e+00	8.616112e+04
0.000000e+00	7.320499e+04
0.000000e+00	4.338806e+04
0.000000e+00	3.976617e+04
0.000000e+00	2.844678e+04
0.000000e+00	2.236088e+04
0.000000e+00	2.050618e+04
0.000000e+00	1.838086e+04

Line="Roi_3"
0.000000e+00	3.133017e+05
0.000000e+00	2.395352e+05
0.000000e+00	1.496496e+05
0.000000e+00	1.158872e+05
0.000000e+00	6.853725e+04
0.000000e+00	5.968343e+04
0.000000e+00	4.004650e+04
0.000000e+00	2.969062e+04
0.000000e+00	2.213838e+04
0.000000e+00	1.966193e+04
0.000000e+00	1.509982e+04
0.000000e+00	1.474126e+04

Line="Roi_4"
0.000000e+00	3.564670e+05
0.000000e+00	2.907039e+05
0.000000e+00	1.986630e+05
0.000000e+00	1.635184e+05
0.000000e+00	1.185010e+05
0.000000e+00	1.024715e+05
0.000000e+00	8.017328e+04
0.000000e+00	7.047319e+04
0.000000e+00	5.821303e+04
0.000000e+00	5.611249e+04
0.000000e+00	4.853168e+04
0.000000e+00	4.723035e+04

