ROI name    Roi_1                   Roi_2                   Roi_3                   Roi_4                   
ROI area        0.26 cm2                   0.11 cm2                   0.18 cm2                 0.0718 cm2               
user units  mean     std dev  func  mean     std dev  func  mean     std dev  func  mean     std dev  func  
0            533041  67624.3  no     429855  20212.2  no     412136  31479.0  no     383734  46127.4  no    
0            460595  75972.8  no     325787  22196.4  no     312522  29531.4  no     288895  38035.3  no    
0            346556  84466.0  no     202204  17693.0  no     203035  24127.5  no     168821  25170.3  no    
0            303664  81725.1  no     152717  18851.5  no     148188  21568.7  no     131360  22835.2  no    
0            242326  83401.3  no      97492  16844.9  no      98629  20824.3  no      84913  16113.5  no    
0            213944  80738.6  no      77341  14878.4  no      74955  18623.9  no      60580  15068.3  no    
0            174212  75667.3  no      48622  15388.0  no      54629  17566.9  no      40701  12878.3  no    
0            159998  74112.3  no      40805  15244.7  no      45555  16936.0  no      35623  14066.9  no    
0            135769  68598.1  no      29855  12121.6  no      31555  13596.5  no      25126  11625.2  no    
0            120336  67451.6  no      27390  14604.9  no      31493  14286.9  no      23125  10533.4  no    
0            106737  61720.1  no      22806  12559.1  no      23970  11950.3  no      18283   9015.6  no    
0             92008  59202.7  no      21429  10546.8  no      21525  10466.5  no      17872   9492.4  no    
Title="Plot"
Xaxis="user units"
Yaxis="no scaling"

Line="Roi_1"
0.000000e+00	5.330407e+05
0.000000e+00	4.605951e+05
0.000000e+00	3.465562e+05
0.000000e+00	3.036640e+05
0.000000e+00	2.423260e+05
0.000000e+00	2.139442e+05
0.000000e+00	1.742118e+05
0.000000e+00	1.599976e+05
0.000000e+00	1.357694e+05
0.000000e+00	1.203362e+05
0.000000e+00	1.067369e+05
0.000000e+00	9.200791e+04

Line="Roi_2"
0.000000e+00	4.298554e+05
0.000000e+00	3.257871e+05
0.000000e+00	2.022043e+05
0.000000e+00	1.527166e+05
0.000000e+00	9.749219e+04
0.000000e+00	7.734092e+04
0.000000e+00	4.862212e+04
0.000000e+00	4.080538e+04
0.000000e+00	2.985499e+04
0.000000e+00	2.739034e+04
0.000000e+00	2.280644e+04
0.000000e+00	2.142926e+04

Line="Roi_3"
0.000000e+00	4.121355e+05
0.000000e+00	3.125222e+05
0.000000e+00	2.030350e+05
0.000000e+00	1.481883e+05
0.000000e+00	9.862890e+04
0.000000e+00	7.495540e+04
0.000000e+00	5.462858e+04
0.000000e+00	4.555471e+04
0.000000e+00	3.155477e+04
0.000000e+00	3.149283e+04
0.000000e+00	2.396970e+04
0.000000e+00	2.152515e+04

Line="Roi_4"
0.000000e+00	3.837340e+05
0.000000e+00	2.888953e+05
0.000000e+00	1.688206e+05
0.000000e+00	1.313598e+05
0.000000e+00	8.491318e+04
0.000000e+00	6.058043e+04
0.000000e+00	4.070104e+04
0.000000e+00	3.562297e+04
0.000000e+00	2.512595e+04
0.000000e+00	2.312480e+04
0.000000e+00	1.828261e+04
0.000000e+00	1.787175e+04

