ROI name    Roi_1                   Roi_2                   Roi_3                   Roi_4                   
ROI area        0.29 cm2                 0.0996 cm2                   0.11 cm2                 0.0938 cm2               
user units  mean     std dev  func  mean     std dev  func  mean     std dev  func  mean     std dev  func  
0            335840   75703   no     200714  26009.7  no     215093  25787.3  no     183539  28106.6  no    
0            340727   78256   no     216037  27793.9  no     175450  25302.8  no     149047  34495.7  no    
0            330507   69956   no     210826  26787.7  no     191127  31216.2  no     163293  34425.0  no    
0            329953   68416   no     194471  20784.1  no     204796  29692.1  no     168698  27301.0  no    
0            329640   64357   no     194371  27612.1  no     195675  29285.9  no     190437  28060.0  no    
0            336512   63994   no     200446  26177.3  no     197891  31868.6  no     191482  30559.4  no    
0            336136   64074   no     208246  30293.5  no     201840  31096.5  no     186383  31521.1  no    
0            330596   65437   no     208818  22560.6  no     196588  28492.2  no     169525  46250.5  no    
0            332399   70205   no     196693  31941.5  no     189276  37443.9  no     169795  47909.4  no    
0            327682   70440   no     201484  24250.4  no     187653  32660.2  no     166502  45376.0  no    
0            338589   65063   no     199740  22712.3  no     179407  26897.4  no     157823  42643.2  no    
0            330738   66860   no     186995  36510.2  no     203602  21541.3  no     180212  32567.3  no    
0            340813   66217   no     197947  30988.6  no     186441  31321.9  no     174517  33018.9  no    
0            335450   64149   no     188954  32500.1  no     190529  30991.5  no     170140  27489.6  no    
0            331716   68664   no     194246  30854.4  no     201137  23405.7  no     162803  31698.6  no    
0            341296   68697   no     198499  34982.0  no     201784  24689.1  no     168014  36445.3  no    
0            343363   64715   no     195630  27561.8  no     200641  22546.2  no     171538  32987.8  no    
0            343334   64806   no     186748  35253.4  no     186983  26111.2  no     164988  29404.6  no    
0            330697   73667   no     198069  23001.8  no     197101  24290.3  no     182852  33997.4  no    
0            371679   71726   no     249639  33326.0  no     248204  28590.2  no     216336  26935.5  no    
0            399338   81499   no     244928  40707.1  no     249103  26501.6  no     212869  30417.4  no    
0            418243   83994   no     249808  32688.9  no     240107  37943.6  no     197407  35332.0  no    
0            422871   88382   no     236389  32267.1  no     246617  25528.4  no     201982  37551.4  no    
0            434677   88876   no     237811  37398.4  no     228073  29230.6  no     197293  33911.3  no    
0            432156   99433   no     222413  26802.0  no     238943  30351.7  no     207003  36105.2  no    
0            448274   93968   no     224118  37919.9  no     220336  28960.0  no     188652  36140.5  no    
0            445157  101232   no     208981  37251.6  no     232668  30414.1  no     197071  35243.5  no    
0            450711  105421   no     197935  30884.1  no     219203  32591.1  no     192943  31260.9  no    
0            457323  114871   no     218809  29637.2  no     218941  34020.8  no     172495  37586.0  no    
0            460271  111238   no     205991  24750.2  no     227214  24266.5  no     190495  37995.7  no    
0            453236  111224   no     205730  26169.4  no     210361  24826.0  no     173552  41625.6  no    
0            456944  113614   no     205630  18564.2  no     206918  25062.5  no     170246  29436.7  no    
Title="Plot"
Xaxis="user units"
Yaxis="no scaling"

Line="Roi_1"
0.000000e+00	3.358397e+05
0.000000e+00	3.407270e+05
0.000000e+00	3.305070e+05
0.000000e+00	3.299534e+05
0.000000e+00	3.296396e+05
0.000000e+00	3.365116e+05
0.000000e+00	3.361364e+05
0.000000e+00	3.305964e+05
0.000000e+00	3.323985e+05
0.000000e+00	3.276818e+05
0.000000e+00	3.385894e+05
0.000000e+00	3.307383e+05
0.000000e+00	3.408132e+05
0.000000e+00	3.354495e+05
0.000000e+00	3.317162e+05
0.000000e+00	3.412959e+05
0.000000e+00	3.433632e+05
0.000000e+00	3.433339e+05
0.000000e+00	3.306972e+05
0.000000e+00	3.716787e+05
0.000000e+00	3.993375e+05
0.000000e+00	4.182429e+05
0.000000e+00	4.228709e+05
0.000000e+00	4.346772e+05
0.000000e+00	4.321561e+05
0.000000e+00	4.482743e+05
0.000000e+00	4.451567e+05
0.000000e+00	4.507112e+05
0.000000e+00	4.573232e+05
0.000000e+00	4.602710e+05
0.000000e+00	4.532358e+05
0.000000e+00	4.569439e+05

Line="Roi_2"
0.000000e+00	2.007136e+05
0.000000e+00	2.160366e+05
0.000000e+00	2.108260e+05
0.000000e+00	1.944709e+05
0.000000e+00	1.943707e+05
0.000000e+00	2.004458e+05
0.000000e+00	2.082465e+05
0.000000e+00	2.088182e+05
0.000000e+00	1.966934e+05
0.000000e+00	2.014843e+05
0.000000e+00	1.997402e+05
0.000000e+00	1.869951e+05
0.000000e+00	1.979468e+05
0.000000e+00	1.889537e+05
0.000000e+00	1.942460e+05
0.000000e+00	1.984994e+05
0.000000e+00	1.956299e+05
0.000000e+00	1.867476e+05
0.000000e+00	1.980687e+05
0.000000e+00	2.496392e+05
0.000000e+00	2.449283e+05
0.000000e+00	2.498079e+05
0.000000e+00	2.363888e+05
0.000000e+00	2.378109e+05
0.000000e+00	2.224130e+05
0.000000e+00	2.241181e+05
0.000000e+00	2.089805e+05
0.000000e+00	1.979352e+05
0.000000e+00	2.188091e+05
0.000000e+00	2.059907e+05
0.000000e+00	2.057295e+05
0.000000e+00	2.056303e+05

Line="Roi_3"
0.000000e+00	2.150933e+05
0.000000e+00	1.754504e+05
0.000000e+00	1.911274e+05
0.000000e+00	2.047964e+05
0.000000e+00	1.956746e+05
0.000000e+00	1.978908e+05
0.000000e+00	2.018401e+05
0.000000e+00	1.965880e+05
0.000000e+00	1.892759e+05
0.000000e+00	1.876526e+05
0.000000e+00	1.794065e+05
0.000000e+00	2.036024e+05
0.000000e+00	1.864408e+05
0.000000e+00	1.905289e+05
0.000000e+00	2.011374e+05
0.000000e+00	2.017844e+05
0.000000e+00	2.006414e+05
0.000000e+00	1.869828e+05
0.000000e+00	1.971006e+05
0.000000e+00	2.482039e+05
0.000000e+00	2.491026e+05
0.000000e+00	2.401072e+05
0.000000e+00	2.466165e+05
0.000000e+00	2.280726e+05
0.000000e+00	2.389427e+05
0.000000e+00	2.203357e+05
0.000000e+00	2.326681e+05
0.000000e+00	2.192033e+05
0.000000e+00	2.189409e+05
0.000000e+00	2.272141e+05
0.000000e+00	2.103609e+05
0.000000e+00	2.069177e+05

Line="Roi_4"
0.000000e+00	1.835386e+05
0.000000e+00	1.490473e+05
0.000000e+00	1.632927e+05
0.000000e+00	1.686984e+05
0.000000e+00	1.904370e+05
0.000000e+00	1.914816e+05
0.000000e+00	1.863835e+05
0.000000e+00	1.695246e+05
0.000000e+00	1.697955e+05
0.000000e+00	1.665025e+05
0.000000e+00	1.578228e+05
0.000000e+00	1.802122e+05
0.000000e+00	1.745166e+05
0.000000e+00	1.701405e+05
0.000000e+00	1.628034e+05
0.000000e+00	1.680142e+05
0.000000e+00	1.715379e+05
0.000000e+00	1.649876e+05
0.000000e+00	1.828524e+05
0.000000e+00	2.163357e+05
0.000000e+00	2.128685e+05
0.000000e+00	1.974070e+05
0.000000e+00	2.019825e+05
0.000000e+00	1.972929e+05
0.000000e+00	2.070028e+05
0.000000e+00	1.886522e+05
0.000000e+00	1.970706e+05
0.000000e+00	1.929432e+05
0.000000e+00	1.724954e+05
0.000000e+00	1.904955e+05
0.000000e+00	1.735520e+05
0.000000e+00	1.702459e+05

