ROI name    Roi_1                   Roi_2                   Roi_3                   Roi_4                   
ROI area        0.27 cm2                   0.14 cm2                   0.15 cm2                 0.0952 cm2               
user units  mean     std dev  func  mean     std dev  func  mean     std dev  func  mean     std dev  func  
0            325582  24921.9  no     326311  20081.4  no     387086  141994   no     256632  54947.9  no    
0            281927  29340.0  no     278472  22933.8  no     325181  135119   no     189492  44104.5  no    
0            202997  29848.1  no     207431  23857.4  no     236801  115989   no     117830  29319.7  no    
0            176170  28850.7  no     175667  24286.2  no     200952  104321   no      90664  22255.4  no    
0            136456  28646.9  no     134214  21430.9  no     157045   91714   no      55825  17637.2  no    
0            114440  26031.9  no     112169  20747.4  no     137185   84829   no      46900  14179.0  no    
0             93279  25759.6  no      90624  20143.9  no     110593   75306   no      27670  10876.6  no    
0             79628  23981.4  no      77911  21119.2  no      99131   73827   no      22744   8653.6  no    
0             64197  21775.2  no      60208  18068.6  no      85649   68243   no      17981   8764.6  no    
0             55395  21165.2  no      54906  15976.4  no      78581   66814   no      13315   6184.4  no    
0             45392  18753.3  no      44745  15759.0  no      70084   62352   no      13747   6775.7  no    
0             42404  18803.4  no      37476  14755.3  no      64750   61372   no      11380   4895.4  no    
Title="Plot"
Xaxis="user units"
Yaxis="no scaling"

Line="Roi_1"
0.000000e+00	3.255820e+05
0.000000e+00	2.819271e+05
0.000000e+00	2.029973e+05
0.000000e+00	1.761698e+05
0.000000e+00	1.364558e+05
0.000000e+00	1.144404e+05
0.000000e+00	9.327936e+04
0.000000e+00	7.962761e+04
0.000000e+00	6.419738e+04
0.000000e+00	5.539466e+04
0.000000e+00	4.539157e+04
0.000000e+00	4.240360e+04

Line="Roi_2"
0.000000e+00	3.263106e+05
0.000000e+00	2.784722e+05
0.000000e+00	2.074315e+05
0.000000e+00	1.756669e+05
0.000000e+00	1.342135e+05
0.000000e+00	1.121686e+05
0.000000e+00	9.062362e+04
0.000000e+00	7.791063e+04
0.000000e+00	6.020818e+04
0.000000e+00	5.490562e+04
0.000000e+00	4.474521e+04
0.000000e+00	3.747566e+04

Line="Roi_3"
0.000000e+00	3.870863e+05
0.000000e+00	3.251807e+05
0.000000e+00	2.368008e+05
0.000000e+00	2.009521e+05
0.000000e+00	1.570450e+05
0.000000e+00	1.371847e+05
0.000000e+00	1.105930e+05
0.000000e+00	9.913070e+04
0.000000e+00	8.564927e+04
0.000000e+00	7.858077e+04
0.000000e+00	7.008418e+04
0.000000e+00	6.474965e+04

Line="Roi_4"
0.000000e+00	2.566319e+05
0.000000e+00	1.894917e+05
0.000000e+00	1.178299e+05
0.000000e+00	9.066371e+04
0.000000e+00	5.582484e+04
0.000000e+00	4.689982e+04
0.000000e+00	2.766979e+04
0.000000e+00	2.274380e+04
0.000000e+00	1.798148e+04
0.000000e+00	1.331519e+04
0.000000e+00	1.374675e+04
0.000000e+00	1.138043e+04

