ROI name    Roi_1                   Roi_2                   Roi_3                   Roi_4                   
ROI area        0.35 cm2                 0.0879 cm2                   0.16 cm2                   0.12 cm2               
user units  mean     std dev  func  mean     std dev  func  mean     std dev  func  mean     std dev  func  
0            313488  67887.5  no     236371  45931.8  no     215202  43603.8  no     195020  55068.6  no    
0            313823  66837.1  no     241155  48853.0  no     223852  47202.6  no     216624  50735.4  no    
0            312073  66726.3  no     228735  50361.0  no     210537  44017.7  no     225498  51585.4  no    
0            308294  64155.0  no     232376  57563.2  no     216220  47209.9  no     175549  45496.2  no    
0            306441  68788.1  no     229878  42724.6  no     209678  46341.8  no     221412  42210.9  no    
0            301319  74299.7  no     246860  53912.3  no     204945  47284.6  no     192800  39092.9  no    
0            300727  66810.6  no     235349  49315.5  no     209122  43545.9  no     195899  59149.7  no    
0            299547  65353.1  no     228223  46979.5  no     199848  46236.5  no     243281  60470.8  no    
0            294059  64594.5  no     232591  52724.8  no     196590  50739.1  no     198179  57042.1  no    
0            296688  61826.2  no     241501  52679.2  no     210600  53784.9  no     196029  64747.2  no    
0            298148  72160.4  no     237962  54386.0  no     208109  52563.9  no     190960  68974.2  no    
0            305452  63331.6  no     232258  56270.8  no     217049  52114.7  no     250700  71176.6  no    
0            301691  64769.3  no     227570  39623.6  no     220198  49400.1  no     227461  67250.7  no    
0            302607  70998.0  no     227604  55605.7  no     222957  57366.6  no     211823  67387.6  no    
0            304366  68913.2  no     251000  51307.9  no     201549  49191.8  no     237942  68504.9  no    
0            301377  64281.3  no     239179  47231.7  no     213982  49032.8  no     204196  80523.0  no    
0            293423  65272.3  no     243680  51069.5  no     205058  44832.1  no     197854  66030.6  no    
0            303818  67850.9  no     258137  46522.0  no     201017  59507.6  no     188028  81766.3  no    
0            304309  68027.5  no     244565  48926.7  no     219681  45744.7  no     187650  47986.8  no    
0            294461  69278.5  no     232291  46334.6  no     207344  48642.9  no     178166  53035.8  no    
0            293065  68888.4  no     248913  49718.5  no     198634  46467.4  no     172806  57370.0  no    
0            307192  72851.8  no     253165  52389.8  no     203624  50669.6  no     192503  60963.2  no    
0            298342  68284.9  no     242560  53817.5  no     208193  51276.9  no     234123  63320.4  no    
0            298301  65402.0  no     248942  52168.4  no     214455  45343.9  no     183925  63556.2  no    
0            296770  67937.3  no     243435  52338.8  no     217420  53936.0  no     197205  56121.2  no    
0            302881  71334.2  no     236823  56228.9  no     214779  54348.6  no     156400  63770.6  no    
0            302978  77276.9  no     249732  54928.9  no     219317  49723.0  no     183726  51733.6  no    
0            296736  64897.3  no     229600  44760.2  no     217397  53999.4  no     243868  50694.7  no    
0            302676  66371.8  no     244087  54688.1  no     214639  50192.6  no     210865  71686.3  no    
0            303101  67662.0  no     243416  49203.0  no     218487  46136.7  no     216428  50626.3  no    
0            301531  71546.5  no     247594  51074.3  no     216940  56314.7  no     188265  54076.4  no    
0            292614  69419.4  no     240871  52091.0  no     214941  46616.5  no     230453  53467.5  no    
Title="Plot"
Xaxis="user units"
Yaxis="no scaling"

Line="Roi_1"
0.000000e+00	3.134879e+05
0.000000e+00	3.138232e+05
0.000000e+00	3.120728e+05
0.000000e+00	3.082942e+05
0.000000e+00	3.064406e+05
0.000000e+00	3.013187e+05
0.000000e+00	3.007266e+05
0.000000e+00	2.995465e+05
0.000000e+00	2.940590e+05
0.000000e+00	2.966885e+05
0.000000e+00	2.981485e+05
0.000000e+00	3.054515e+05
0.000000e+00	3.016911e+05
0.000000e+00	3.026068e+05
0.000000e+00	3.043663e+05
0.000000e+00	3.013774e+05
0.000000e+00	2.934230e+05
0.000000e+00	3.038183e+05
0.000000e+00	3.043091e+05
0.000000e+00	2.944612e+05
0.000000e+00	2.930645e+05
0.000000e+00	3.071917e+05
0.000000e+00	2.983420e+05
0.000000e+00	2.983014e+05
0.000000e+00	2.967704e+05
0.000000e+00	3.028811e+05
0.000000e+00	3.029785e+05
0.000000e+00	2.967356e+05
0.000000e+00	3.026764e+05
0.000000e+00	3.031006e+05
0.000000e+00	3.015310e+05
0.000000e+00	2.926141e+05

Line="Roi_2"
0.000000e+00	2.363713e+05
0.000000e+00	2.411548e+05
0.000000e+00	2.287354e+05
0.000000e+00	2.323765e+05
0.000000e+00	2.298778e+05
0.000000e+00	2.468599e+05
0.000000e+00	2.353487e+05
0.000000e+00	2.282230e+05
0.000000e+00	2.325912e+05
0.000000e+00	2.415013e+05
0.000000e+00	2.379618e+05
0.000000e+00	2.322577e+05
0.000000e+00	2.275704e+05
0.000000e+00	2.276044e+05
0.000000e+00	2.510001e+05
0.000000e+00	2.391793e+05
0.000000e+00	2.436798e+05
0.000000e+00	2.581369e+05
0.000000e+00	2.445651e+05
0.000000e+00	2.322914e+05
0.000000e+00	2.489127e+05
0.000000e+00	2.531648e+05
0.000000e+00	2.425601e+05
0.000000e+00	2.489419e+05
0.000000e+00	2.434347e+05
0.000000e+00	2.368234e+05
0.000000e+00	2.497322e+05
0.000000e+00	2.295997e+05
0.000000e+00	2.440871e+05
0.000000e+00	2.434162e+05
0.000000e+00	2.475939e+05
0.000000e+00	2.408707e+05

Line="Roi_3"
0.000000e+00	2.152019e+05
0.000000e+00	2.238520e+05
0.000000e+00	2.105367e+05
0.000000e+00	2.162205e+05
0.000000e+00	2.096783e+05
0.000000e+00	2.049450e+05
0.000000e+00	2.091220e+05
0.000000e+00	1.998477e+05
0.000000e+00	1.965904e+05
0.000000e+00	2.106003e+05
0.000000e+00	2.081095e+05
0.000000e+00	2.170492e+05
0.000000e+00	2.201981e+05
0.000000e+00	2.229566e+05
0.000000e+00	2.015491e+05
0.000000e+00	2.139819e+05
0.000000e+00	2.050581e+05
0.000000e+00	2.010167e+05
0.000000e+00	2.196810e+05
0.000000e+00	2.073440e+05
0.000000e+00	1.986338e+05
0.000000e+00	2.036239e+05
0.000000e+00	2.081928e+05
0.000000e+00	2.144554e+05
0.000000e+00	2.174196e+05
0.000000e+00	2.147788e+05
0.000000e+00	2.193165e+05
0.000000e+00	2.173971e+05
0.000000e+00	2.146392e+05
0.000000e+00	2.184868e+05
0.000000e+00	2.169405e+05
0.000000e+00	2.149411e+05

Line="Roi_4"
0.000000e+00	1.950198e+05
0.000000e+00	2.166236e+05
0.000000e+00	2.254976e+05
0.000000e+00	1.755489e+05
0.000000e+00	2.214122e+05
0.000000e+00	1.928001e+05
0.000000e+00	1.958986e+05
0.000000e+00	2.432810e+05
0.000000e+00	1.981788e+05
0.000000e+00	1.960290e+05
0.000000e+00	1.909602e+05
0.000000e+00	2.506997e+05
0.000000e+00	2.274612e+05
0.000000e+00	2.118234e+05
0.000000e+00	2.379420e+05
0.000000e+00	2.041959e+05
0.000000e+00	1.978536e+05
0.000000e+00	1.880277e+05
0.000000e+00	1.876502e+05
0.000000e+00	1.781658e+05
0.000000e+00	1.728055e+05
0.000000e+00	1.925027e+05
0.000000e+00	2.341226e+05
0.000000e+00	1.839254e+05
0.000000e+00	1.972054e+05
0.000000e+00	1.564003e+05
0.000000e+00	1.837260e+05
0.000000e+00	2.438681e+05
0.000000e+00	2.108647e+05
0.000000e+00	2.164279e+05
0.000000e+00	1.882649e+05
0.000000e+00	2.304528e+05

