ROI name    Roi_1                   Roi_2                   Roi_3                   Roi_4                   
ROI area        0.29 cm2                 0.0586 cm2                   0.19 cm2                   0.11 cm2               
user units  mean     std dev  func  mean     std dev  func  mean     std dev  func  mean     std dev  func  
0            286665   76765   no     208501  31693.0  no     190298  48312.9  no     191045  43138.0  no    
0            291928   72076   no     206150  18415.4  no     180270  36076.1  no     185887  49713.6  no    
0            280635   66923   no     164153  34249.9  no     205705  39864.1  no     199825  40759.4  no    
0            287152   69177   no     192229  48926.4  no     185158  47094.5  no     190353  43391.5  no    
0            290808   72060   no     173034  36774.0  no     192520  43272.9  no     198741  47507.8  no    
0            279767   66249   no     172327  23568.3  no     193556  44112.5  no     189896  43480.4  no    
0            279943   76060   no     195924  28010.7  no     198323  36906.1  no     204528  52263.3  no    
0            277117   78793   no     183623  33832.4  no     183219  37601.7  no     189560  54380.1  no    
0            277922   80403   no     175353  42630.2  no     192367  37667.3  no     187567  50871.5  no    
0            283347   72902   no     200981  37505.5  no     182416  38281.6  no     189322  51520.0  no    
0            270502   76867   no     165859  45983.5  no     192974  36738.0  no     189349  51864.4  no    
0            272502   78009   no     194117  25902.8  no     187237  37684.7  no     193492  51022.0  no    
0            281223   80129   no     192337  35519.1  no     186626  33178.1  no     189537  45131.3  no    
0            277867   82992   no     203310  24339.3  no     190683  37438.4  no     186068  51267.8  no    
0            264692   80959   no     154562  45840.3  no     196636  38010.5  no     206516  56376.2  no    
0            272931   75849   no     164329  40575.9  no     190704  34098.8  no     203428  58237.9  no    
0            271899   78284   no     182729  41040.7  no     183418  35738.8  no     197700  47157.3  no    
0            265673   71804   no     165853  45582.1  no     197569  39167.6  no     198149  50506.1  no    
0            264994   85413   no     159174  42628.2  no     204270  37129.6  no     211177  57014.6  no    
0            287585   90778   no     182713  39117.1  no     217294  40236.5  no     224487  52577.6  no    
0            295979   93121   no     171011  41528.3  no     222926  46446.1  no     212270  51128.0  no    
0            311804   93221   no     189579  48720.6  no     217100  44526.5  no     218425  65581.3  no    
0            310644  101982   no     177076  45525.9  no     222994  46050.3  no     221722  58669.1  no    
0            318103   96173   no     181258  33649.7  no     195819  43200.6  no     200293  53937.3  no    
0            314263   95507   no     179510  37212.6  no     198015  43579.9  no     211770  56217.4  no    
0            316908   98915   no     212235  43368.5  no     186501  43735.2  no     201487  53197.1  no    
0            319004   95080   no     195399  31443.6  no     187881  39766.0  no     196137  53368.2  no    
0            317950   96591   no     179898  42202.9  no     193377  38985.0  no     200712  59044.9  no    
0            309040  101334   no     172163  38422.0  no     215492  30957.5  no     220104  53302.2  no    
0            316476  103254   no     201279  37304.7  no     190400  41068.4  no     199145  45842.7  no    
0            312614  100504   no     187023  32723.2  no     191409  41214.4  no     213388  53422.6  no    
0            308870  105300   no     162954  31642.3  no     195342  43784.3  no     205678  47117.7  no    
Title="Plot"
Xaxis="user units"
Yaxis="no scaling"

Line="Roi_1"
0.000000e+00	2.866647e+05
0.000000e+00	2.919279e+05
0.000000e+00	2.806353e+05
0.000000e+00	2.871516e+05
0.000000e+00	2.908078e+05
0.000000e+00	2.797670e+05
0.000000e+00	2.799434e+05
0.000000e+00	2.771173e+05
0.000000e+00	2.779221e+05
0.000000e+00	2.833474e+05
0.000000e+00	2.705022e+05
0.000000e+00	2.725020e+05
0.000000e+00	2.812226e+05
0.000000e+00	2.778666e+05
0.000000e+00	2.646920e+05
0.000000e+00	2.729310e+05
0.000000e+00	2.718994e+05
0.000000e+00	2.656733e+05
0.000000e+00	2.649944e+05
0.000000e+00	2.875852e+05
0.000000e+00	2.959788e+05
0.000000e+00	3.118043e+05
0.000000e+00	3.106438e+05
0.000000e+00	3.181033e+05
0.000000e+00	3.142625e+05
0.000000e+00	3.169079e+05
0.000000e+00	3.190044e+05
0.000000e+00	3.179496e+05
0.000000e+00	3.090405e+05
0.000000e+00	3.164760e+05
0.000000e+00	3.126142e+05
0.000000e+00	3.088698e+05

Line="Roi_2"
0.000000e+00	2.085013e+05
0.000000e+00	2.061504e+05
0.000000e+00	1.641534e+05
0.000000e+00	1.922294e+05
0.000000e+00	1.730339e+05
0.000000e+00	1.723266e+05
0.000000e+00	1.959242e+05
0.000000e+00	1.836232e+05
0.000000e+00	1.753529e+05
0.000000e+00	2.009807e+05
0.000000e+00	1.658592e+05
0.000000e+00	1.941167e+05
0.000000e+00	1.923365e+05
0.000000e+00	2.033102e+05
0.000000e+00	1.545622e+05
0.000000e+00	1.643290e+05
0.000000e+00	1.827295e+05
0.000000e+00	1.658528e+05
0.000000e+00	1.591744e+05
0.000000e+00	1.827130e+05
0.000000e+00	1.710105e+05
0.000000e+00	1.895790e+05
0.000000e+00	1.770763e+05
0.000000e+00	1.812584e+05
0.000000e+00	1.795095e+05
0.000000e+00	2.122349e+05
0.000000e+00	1.953987e+05
0.000000e+00	1.798980e+05
0.000000e+00	1.721632e+05
0.000000e+00	2.012789e+05
0.000000e+00	1.870234e+05
0.000000e+00	1.629544e+05

Line="Roi_3"
0.000000e+00	1.902980e+05
0.000000e+00	1.802700e+05
0.000000e+00	2.057047e+05
0.000000e+00	1.851580e+05
0.000000e+00	1.925196e+05
0.000000e+00	1.935555e+05
0.000000e+00	1.983231e+05
0.000000e+00	1.832188e+05
0.000000e+00	1.923675e+05
0.000000e+00	1.824161e+05
0.000000e+00	1.929736e+05
0.000000e+00	1.872375e+05
0.000000e+00	1.866262e+05
0.000000e+00	1.906831e+05
0.000000e+00	1.966363e+05
0.000000e+00	1.907037e+05
0.000000e+00	1.834178e+05
0.000000e+00	1.975689e+05
0.000000e+00	2.042699e+05
0.000000e+00	2.172940e+05
0.000000e+00	2.229257e+05
0.000000e+00	2.171002e+05
0.000000e+00	2.229944e+05
0.000000e+00	1.958185e+05
0.000000e+00	1.980153e+05
0.000000e+00	1.865009e+05
0.000000e+00	1.878809e+05
0.000000e+00	1.933774e+05
0.000000e+00	2.154921e+05
0.000000e+00	1.904001e+05
0.000000e+00	1.914086e+05
0.000000e+00	1.953415e+05

Line="Roi_4"
0.000000e+00	1.910449e+05
0.000000e+00	1.858871e+05
0.000000e+00	1.998255e+05
0.000000e+00	1.903532e+05
0.000000e+00	1.987407e+05
0.000000e+00	1.898959e+05
0.000000e+00	2.045281e+05
0.000000e+00	1.895604e+05
0.000000e+00	1.875670e+05
0.000000e+00	1.893216e+05
0.000000e+00	1.893488e+05
0.000000e+00	1.934918e+05
0.000000e+00	1.895371e+05
0.000000e+00	1.860682e+05
0.000000e+00	2.065162e+05
0.000000e+00	2.034279e+05
0.000000e+00	1.976999e+05
0.000000e+00	1.981487e+05
0.000000e+00	2.111773e+05
0.000000e+00	2.244868e+05
0.000000e+00	2.122701e+05
0.000000e+00	2.184246e+05
0.000000e+00	2.217222e+05
0.000000e+00	2.002934e+05
0.000000e+00	2.117705e+05
0.000000e+00	2.014870e+05
0.000000e+00	1.961373e+05
0.000000e+00	2.007122e+05
0.000000e+00	2.201042e+05
0.000000e+00	1.991448e+05
0.000000e+00	2.133876e+05
0.000000e+00	2.056781e+05

