ROI name    Roi_1                   Roi_2                   Roi_3                   Roi_4                   
ROI area        0.21 cm2                 0.0879 cm2                   0.16 cm2                 0.0996 cm2               
user units  mean     std dev  func  mean     std dev  func  mean     std dev  func  mean     std dev  func  
0            347206  235180   no     165516  33620.1  no     199292  41131.3  no     148604  30256.9  no    
0            346180  232193   no     162968  28498.3  no     205321  50099.0  no     159552  30891.0  no    
0            374222  229297   no     186056  45983.4  no     182170  41745.0  no     146959  29737.4  no    
0            367328  236223   no     162334  19965.9  no     201310  53113.3  no     163092  37562.6  no    
0            383915  229231   no     168219  35791.6  no     188846  43181.3  no     161689  35181.9  no    
0            391289  246678   no     172650  27458.7  no     215047  47262.4  no     173245  37051.9  no    
0            423760  239030   no     173951  32488.8  no     198308  37277.8  no     150938  23733.9  no    
0            417981  237659   no     168074  29843.3  no     213567  44746.3  no     173961  37527.4  no    
0            431775  242877   no     166629  26452.8  no     220823  42244.9  no     182049  38368.9  no    
0            480151  221228   no     191551  25966.6  no     210514  47700.1  no     163112  36049.0  no    
0            456717  232892   no     158816  33492.6  no     236750  48085.0  no     176675  46475.3  no    
0            474795  228159   no     191031  28435.7  no     223822  48274.3  no     164032  38355.1  no    
0            458704  231529   no     185047  28539.0  no     244885  51950.9  no     185321  54400.3  no    
0            468304  226401   no     168006  34064.0  no     235826  49994.3  no     180135  42901.8  no    
0            467283  226076   no     168054  28593.4  no     235079  54041.1  no     181302  45717.4  no    
0            464944  226146   no     188401  34613.2  no     236327  48423.5  no     162352  41830.9  no    
0            451956  240745   no     158785  32472.9  no     229013  49898.2  no     179028  41854.6  no    
0            459942  238301   no     170955  36176.9  no     223944  49671.7  no     169401  35268.4  no    
0            449833  235425   no     171400  27835.6  no     228095  52958.0  no     174374  32378.4  no    
0            459699  241461   no     170043  23425.7  no     266006  54829.5  no     203728  34946.8  no    
0            477306  243899   no     177948  34197.3  no     249247  51361.4  no     204790  43932.7  no    
0            483306  246111   no     191681  40602.6  no     235941  55307.3  no     189062  58198.8  no    
0            471952  248214   no     193749  28967.5  no     241386  49093.3  no     193243  51620.0  no    
0            467336  250847   no     165604  26364.7  no     248550  51137.5  no     192300  40506.8  no    
0            489785  252077   no     198159  32502.5  no     222921  41936.8  no     192469  49104.0  no    
0            467773  256764   no     179052  23654.4  no     244597  55429.5  no     194530  50425.7  no    
0            481841  251150   no     190190  29389.3  no     232495  50044.7  no     186679  48917.6  no    
0            473468  256764   no     172613  28229.9  no     232761  59791.1  no     192985  49359.3  no    
0            464704  250450   no     172189  37727.8  no     237341  54592.9  no     178678  46274.4  no    
0            472352  248089   no     174169  39069.5  no     235217  51418.5  no     184012  51454.3  no    
0            469908  243399   no     172496  41426.8  no     254958  57972.1  no     199344  45449.0  no    
0            485003  238225   no     182642  25958.6  no     262306  52489.2  no     202490  51948.0  no    
Title="Plot"
Xaxis="user units"
Yaxis="no scaling"

Line="Roi_1"
0.000000e+00	3.472065e+05
0.000000e+00	3.461805e+05
0.000000e+00	3.742220e+05
0.000000e+00	3.673284e+05
0.000000e+00	3.839146e+05
0.000000e+00	3.912890e+05
0.000000e+00	4.237601e+05
0.000000e+00	4.179806e+05
0.000000e+00	4.317748e+05
0.000000e+00	4.801512e+05
0.000000e+00	4.567170e+05
0.000000e+00	4.747946e+05
0.000000e+00	4.587041e+05
0.000000e+00	4.683037e+05
0.000000e+00	4.672829e+05
0.000000e+00	4.649441e+05
0.000000e+00	4.519555e+05
0.000000e+00	4.599419e+05
0.000000e+00	4.498327e+05
0.000000e+00	4.596993e+05
0.000000e+00	4.773063e+05
0.000000e+00	4.833064e+05
0.000000e+00	4.719524e+05
0.000000e+00	4.673361e+05
0.000000e+00	4.897846e+05
0.000000e+00	4.677727e+05
0.000000e+00	4.818409e+05
0.000000e+00	4.734681e+05
0.000000e+00	4.647040e+05
0.000000e+00	4.723522e+05
0.000000e+00	4.699084e+05
0.000000e+00	4.850033e+05

Line="Roi_2"
0.000000e+00	1.655163e+05
0.000000e+00	1.629679e+05
0.000000e+00	1.860561e+05
0.000000e+00	1.623341e+05
0.000000e+00	1.682186e+05
0.000000e+00	1.726500e+05
0.000000e+00	1.739513e+05
0.000000e+00	1.680743e+05
0.000000e+00	1.666294e+05
0.000000e+00	1.915506e+05
0.000000e+00	1.588156e+05
0.000000e+00	1.910313e+05
0.000000e+00	1.850468e+05
0.000000e+00	1.680062e+05
0.000000e+00	1.680538e+05
0.000000e+00	1.884013e+05
0.000000e+00	1.587849e+05
0.000000e+00	1.709545e+05
0.000000e+00	1.714005e+05
0.000000e+00	1.700425e+05
0.000000e+00	1.779480e+05
0.000000e+00	1.916810e+05
0.000000e+00	1.937489e+05
0.000000e+00	1.656041e+05
0.000000e+00	1.981592e+05
0.000000e+00	1.790523e+05
0.000000e+00	1.901903e+05
0.000000e+00	1.726132e+05
0.000000e+00	1.721892e+05
0.000000e+00	1.741691e+05
0.000000e+00	1.724963e+05
0.000000e+00	1.826424e+05

Line="Roi_3"
0.000000e+00	1.992922e+05
0.000000e+00	2.053209e+05
0.000000e+00	1.821697e+05
0.000000e+00	2.013100e+05
0.000000e+00	1.888457e+05
0.000000e+00	2.150468e+05
0.000000e+00	1.983076e+05
0.000000e+00	2.135672e+05
0.000000e+00	2.208229e+05
0.000000e+00	2.105139e+05
0.000000e+00	2.367502e+05
0.000000e+00	2.238224e+05
0.000000e+00	2.448850e+05
0.000000e+00	2.358261e+05
0.000000e+00	2.350794e+05
0.000000e+00	2.363266e+05
0.000000e+00	2.290134e+05
0.000000e+00	2.239441e+05
0.000000e+00	2.280954e+05
0.000000e+00	2.660064e+05
0.000000e+00	2.492473e+05
0.000000e+00	2.359409e+05
0.000000e+00	2.413862e+05
0.000000e+00	2.485499e+05
0.000000e+00	2.229212e+05
0.000000e+00	2.445970e+05
0.000000e+00	2.324951e+05
0.000000e+00	2.327614e+05
0.000000e+00	2.373414e+05
0.000000e+00	2.352172e+05
0.000000e+00	2.549581e+05
0.000000e+00	2.623061e+05

Line="Roi_4"
0.000000e+00	1.486035e+05
0.000000e+00	1.595519e+05
0.000000e+00	1.469593e+05
0.000000e+00	1.630918e+05
0.000000e+00	1.616890e+05
0.000000e+00	1.732451e+05
0.000000e+00	1.509385e+05
0.000000e+00	1.739611e+05
0.000000e+00	1.820488e+05
0.000000e+00	1.631120e+05
0.000000e+00	1.766747e+05
0.000000e+00	1.640318e+05
0.000000e+00	1.853208e+05
0.000000e+00	1.801351e+05
0.000000e+00	1.813023e+05
0.000000e+00	1.623518e+05
0.000000e+00	1.790283e+05
0.000000e+00	1.694012e+05
0.000000e+00	1.743736e+05
0.000000e+00	2.037284e+05
0.000000e+00	2.047901e+05
0.000000e+00	1.890621e+05
0.000000e+00	1.932429e+05
0.000000e+00	1.922996e+05
0.000000e+00	1.924691e+05
0.000000e+00	1.945301e+05
0.000000e+00	1.866793e+05
0.000000e+00	1.929849e+05
0.000000e+00	1.786776e+05
0.000000e+00	1.840125e+05
0.000000e+00	1.993444e+05
0.000000e+00	2.024896e+05

