ROI name    Roi_1                   Roi_2                   Roi_3                   Roi_4                   
ROI area        0.18 cm2                 0.0732 cm2                   0.11 cm2                   0.17 cm2               
user units  mean     std dev  func  mean     std dev  func  mean     std dev  func  mean     std dev  func  
0            483082  30660.8  no     476215  59545.8  no     458038  35599.3  no     376824  208704   no    
0            411083  34961.0  no     409028  54864.7  no     356776  33298.3  no     290132  165818   no    
0            303018  35606.2  no     305951  49527.9  no     244247  31990.0  no     190328  104542   no    
0            257235  40187.1  no     250360  44398.4  no     183969  27163.2  no     140751   83418   no    
0            197178  37829.9  no     204266  43344.3  no     131434  26685.8  no     100584   55626   no    
0            170659  38245.3  no     163573  36713.5  no     107389  25828.2  no      80750   46711   no    
0            132833  39662.1  no     137903  29771.5  no      76401  23317.4  no      52291   30634   no    
0            116460  33677.1  no     113738  27097.5  no      62411  18864.8  no      45457   24321   no    
0             95251  34383.7  no      98775  26902.8  no      44235  19297.7  no      32452   19959   no    
0             81777  31582.5  no      84897  22891.8  no      42801  19991.9  no      30040   17121   no    
0             69773  28185.3  no      69925  21397.6  no      30523  14170.3  no      24859   13082   no    
0             59385  25618.5  no      64712  19705.1  no      27519  13840.9  no      22593   12054   no    
Title="Plot"
Xaxis="user units"
Yaxis="no scaling"

Line="Roi_1"
0.000000e+00	4.830816e+05
0.000000e+00	4.110834e+05
0.000000e+00	3.030176e+05
0.000000e+00	2.572352e+05
0.000000e+00	1.971778e+05
0.000000e+00	1.706586e+05
0.000000e+00	1.328333e+05
0.000000e+00	1.164603e+05
0.000000e+00	9.525094e+04
0.000000e+00	8.177671e+04
0.000000e+00	6.977323e+04
0.000000e+00	5.938513e+04

Line="Roi_2"
0.000000e+00	4.762147e+05
0.000000e+00	4.090275e+05
0.000000e+00	3.059507e+05
0.000000e+00	2.503605e+05
0.000000e+00	2.042663e+05
0.000000e+00	1.635732e+05
0.000000e+00	1.379032e+05
0.000000e+00	1.137376e+05
0.000000e+00	9.877460e+04
0.000000e+00	8.489726e+04
0.000000e+00	6.992485e+04
0.000000e+00	6.471203e+04

Line="Roi_3"
0.000000e+00	4.580383e+05
0.000000e+00	3.567762e+05
0.000000e+00	2.442470e+05
0.000000e+00	1.839688e+05
0.000000e+00	1.314336e+05
0.000000e+00	1.073886e+05
0.000000e+00	7.640096e+04
0.000000e+00	6.241141e+04
0.000000e+00	4.423541e+04
0.000000e+00	4.280073e+04
0.000000e+00	3.052301e+04
0.000000e+00	2.751889e+04

Line="Roi_4"
0.000000e+00	3.768243e+05
0.000000e+00	2.901321e+05
0.000000e+00	1.903281e+05
0.000000e+00	1.407513e+05
0.000000e+00	1.005835e+05
0.000000e+00	8.075011e+04
0.000000e+00	5.229091e+04
0.000000e+00	4.545664e+04
0.000000e+00	3.245225e+04
0.000000e+00	3.004002e+04
0.000000e+00	2.485893e+04
0.000000e+00	2.259303e+04

