ROI name    Roi_1                   Roi_2                   Roi_3                   Roi_4                   
ROI area        0.12 cm2                 0.0454 cm2                   0.17 cm2                   0.13 cm2               
user units  mean     std dev  func  mean     std dev  func  mean     std dev  func  mean     std dev  func  
0            349071  46125.2  no     290538  13880.2  no     271879  28671.5  no     248730  64925.8  no    
0            309818  47196.3  no     226868  13572.2  no     212914  23844.4  no     187330  52422.2  no    
0            238175  39783.9  no     139787  14318.7  no     140143  17606.2  no     117985  30258.3  no    
0            211804  35314.1  no     108058  11029.6  no     114265  16513.9  no      89564  25857.0  no    
0            172126  35681.3  no      70934  13292.0  no      77208  15143.7  no      58859  16462.9  no    
0            157809  31379.5  no      52994  11740.6  no      62458  14703.3  no      43882  11798.1  no    
0            138410  30902.9  no      37474   9467.2  no      44086  15001.3  no      35478  10201.4  no    
0            117800  28773.5  no      27643  11809.0  no      40020  13271.4  no      22338   8138.3  no    
0            108528  25854.8  no      20035   9439.2  no      31932  13492.3  no      19539   7439.4  no    
0             95232  26423.9  no      22078   8713.7  no      27771  11039.9  no      14909   7436.8  no    
0             89414  25205.2  no      17160   7773.5  no      24541  11277.6  no      15376   6459.4  no    
0             83163  25305.3  no      12735   8403.1  no      19931  10575.3  no      11116   5581.9  no    
Title="Plot"
Xaxis="user units"
Yaxis="no scaling"

Line="Roi_1"
0.000000e+00	3.490707e+05
0.000000e+00	3.098183e+05
0.000000e+00	2.381746e+05
0.000000e+00	2.118041e+05
0.000000e+00	1.721265e+05
0.000000e+00	1.578095e+05
0.000000e+00	1.384098e+05
0.000000e+00	1.178002e+05
0.000000e+00	1.085280e+05
0.000000e+00	9.523245e+04
0.000000e+00	8.941379e+04
0.000000e+00	8.316253e+04

Line="Roi_2"
0.000000e+00	2.905377e+05
0.000000e+00	2.268681e+05
0.000000e+00	1.397871e+05
0.000000e+00	1.080582e+05
0.000000e+00	7.093435e+04
0.000000e+00	5.299381e+04
0.000000e+00	3.747411e+04
0.000000e+00	2.764255e+04
0.000000e+00	2.003530e+04
0.000000e+00	2.207847e+04
0.000000e+00	1.715994e+04
0.000000e+00	1.273547e+04

Line="Roi_3"
0.000000e+00	2.718791e+05
0.000000e+00	2.129143e+05
0.000000e+00	1.401433e+05
0.000000e+00	1.142653e+05
0.000000e+00	7.720817e+04
0.000000e+00	6.245801e+04
0.000000e+00	4.408574e+04
0.000000e+00	4.001998e+04
0.000000e+00	3.193183e+04
0.000000e+00	2.777089e+04
0.000000e+00	2.454063e+04
0.000000e+00	1.993093e+04

Line="Roi_4"
0.000000e+00	2.487304e+05
0.000000e+00	1.873299e+05
0.000000e+00	1.179847e+05
0.000000e+00	8.956439e+04
0.000000e+00	5.885939e+04
0.000000e+00	4.388186e+04
0.000000e+00	3.547773e+04
0.000000e+00	2.233807e+04
0.000000e+00	1.953893e+04
0.000000e+00	1.490946e+04
0.000000e+00	1.537644e+04
0.000000e+00	1.111620e+04

