ROI name    Roi_1                   Roi_2                   Roi_3                   Roi_4                   
ROI area        0.22 cm2                 0.0762 cm2                   0.16 cm2                 0.0967 cm2               
user units  mean     std dev  func  mean     std dev  func  mean     std dev  func  mean     std dev  func  
0            355870  43993.3  no     285708  26938.4  no     277265  36435.8  no     264707  30963.2  no    
0            320695  46720.6  no     236276  22669.8  no     219379  31929.7  no     209246  24143.4  no    
0            229020  46328.1  no     142994  22032.1  no     129931  22688.8  no     124153  16914.4  no    
0            194654  43426.9  no     108380  16138.7  no     108006  20081.4  no      98091  15136.8  no    
0            160281  41469.3  no      70865  16065.9  no      63960  18190.8  no      61536  10752.4  no    
0            126578  39554.2  no      56895  15649.8  no      58917  15763.5  no      50039  10222.3  no    
0            118847  37983.4  no      41334  14535.4  no      32284  14214.8  no      34578  10495.6  no    
0             99212  34699.8  no      32067  12734.7  no      32231  13050.4  no      29504  10490.8  no    
0             77527  32128.4  no      22514  10693.4  no      29357  11729.2  no      20886   8268.4  no    
0             81847  31575.9  no      22048   9596.2  no      17798  10699.7  no      18235   8876.0  no    
0             58619  27226.4  no      16581   9250.7  no      21460  11595.4  no      14829   8531.5  no    
0             61708  26059.8  no      16118  10047.9  no      16946   8788.5  no      14129   7531.1  no    
Title="Plot"
Xaxis="user units"
Yaxis="no scaling"

Line="Roi_1"
0.000000e+00	3.558702e+05
0.000000e+00	3.206945e+05
0.000000e+00	2.290203e+05
0.000000e+00	1.946535e+05
0.000000e+00	1.602814e+05
0.000000e+00	1.265785e+05
0.000000e+00	1.188467e+05
0.000000e+00	9.921197e+04
0.000000e+00	7.752692e+04
0.000000e+00	8.184689e+04
0.000000e+00	5.861895e+04
0.000000e+00	6.170808e+04

Line="Roi_2"
0.000000e+00	2.857081e+05
0.000000e+00	2.362756e+05
0.000000e+00	1.429941e+05
0.000000e+00	1.083801e+05
0.000000e+00	7.086545e+04
0.000000e+00	5.689520e+04
0.000000e+00	4.133379e+04
0.000000e+00	3.206684e+04
0.000000e+00	2.251422e+04
0.000000e+00	2.204820e+04
0.000000e+00	1.658123e+04
0.000000e+00	1.611841e+04

Line="Roi_3"
0.000000e+00	2.772654e+05
0.000000e+00	2.193788e+05
0.000000e+00	1.299312e+05
0.000000e+00	1.080055e+05
0.000000e+00	6.395970e+04
0.000000e+00	5.891694e+04
0.000000e+00	3.228384e+04
0.000000e+00	3.223086e+04
0.000000e+00	2.935659e+04
0.000000e+00	1.779801e+04
0.000000e+00	2.145957e+04
0.000000e+00	1.694588e+04

Line="Roi_4"
0.000000e+00	2.647065e+05
0.000000e+00	2.092460e+05
0.000000e+00	1.241530e+05
0.000000e+00	9.809099e+04
0.000000e+00	6.153580e+04
0.000000e+00	5.003917e+04
0.000000e+00	3.457789e+04
0.000000e+00	2.950356e+04
0.000000e+00	2.088581e+04
0.000000e+00	1.823516e+04
0.000000e+00	1.482880e+04
0.000000e+00	1.412904e+04

