ROI name    Roi_1                   Roi_2                   Roi_3                   Roi_4                   
ROI area        0.19 cm2                 0.0688 cm2                   0.17 cm2                 0.0659 cm2               
user units  mean     std dev  func  mean     std dev  func  mean     std dev  func  mean     std dev  func  
0            418894  35370.4  no     396422  27215.9  no     365499  29662.6  no     332109  48774.9  no    
0            347387  38803.5  no     309871  22913.9  no     287438  27085.4  no     251767  38859.6  no    
0            239133  40376.3  no     194865  19774.0  no     188747  19957.6  no     163194  25936.1  no    
0            204523  43230.5  no     150371  17198.1  no     140210  14917.7  no     122133  19602.9  no    
0            150076  43401.9  no      93162  15895.3  no      95221  13824.1  no      76288  16335.4  no    
0            128844  43262.9  no      72496  14686.1  no      73015  12630.9  no      62392  13967.1  no    
0            102477  41262.7  no      48442  13361.7  no      52520  12227.8  no      40617   9757.7  no    
0             85463  40484.2  no      39583  12200.8  no      41293  11967.2  no      35024  12294.4  no    
0             74783  38915.3  no      25479  12326.8  no      25065  10957.2  no      23074   9591.2  no    
0             63312  36547.8  no      20165  11195.1  no      27646  11517.5  no      19415   8888.5  no    
0             56338  35220.1  no      20403   8778.5  no      18776  10136.1  no      17559   8430.6  no    
0             50872  33321.1  no      16522   8580.6  no      17398   8791.8  no      16655   7563.4  no    
Title="Plot"
Xaxis="user units"
Yaxis="no scaling"

Line="Roi_1"
0.000000e+00	4.188940e+05
0.000000e+00	3.473869e+05
0.000000e+00	2.391330e+05
0.000000e+00	2.045234e+05
0.000000e+00	1.500760e+05
0.000000e+00	1.288441e+05
0.000000e+00	1.024766e+05
0.000000e+00	8.546275e+04
0.000000e+00	7.478292e+04
0.000000e+00	6.331243e+04
0.000000e+00	5.633833e+04
0.000000e+00	5.087191e+04

Line="Roi_2"
0.000000e+00	3.964216e+05
0.000000e+00	3.098713e+05
0.000000e+00	1.948653e+05
0.000000e+00	1.503713e+05
0.000000e+00	9.316179e+04
0.000000e+00	7.249626e+04
0.000000e+00	4.844210e+04
0.000000e+00	3.958265e+04
0.000000e+00	2.547912e+04
0.000000e+00	2.016483e+04
0.000000e+00	2.040310e+04
0.000000e+00	1.652184e+04

Line="Roi_3"
0.000000e+00	3.654986e+05
0.000000e+00	2.874381e+05
0.000000e+00	1.887469e+05
0.000000e+00	1.402100e+05
0.000000e+00	9.522091e+04
0.000000e+00	7.301523e+04
0.000000e+00	5.252046e+04
0.000000e+00	4.129296e+04
0.000000e+00	2.506536e+04
0.000000e+00	2.764609e+04
0.000000e+00	1.877633e+04
0.000000e+00	1.739847e+04

Line="Roi_4"
0.000000e+00	3.321091e+05
0.000000e+00	2.517672e+05
0.000000e+00	1.631940e+05
0.000000e+00	1.221334e+05
0.000000e+00	7.628815e+04
0.000000e+00	6.239211e+04
0.000000e+00	4.061696e+04
0.000000e+00	3.502441e+04
0.000000e+00	2.307350e+04
0.000000e+00	1.941526e+04
0.000000e+00	1.755909e+04
0.000000e+00	1.665505e+04

