ROI name    Roi_1                   Roi_2                   Roi_3                   Roi_4                   
ROI area        0.13 cm2                 0.0908 cm2                   0.11 cm2                 0.0703 cm2               
user units  mean     std dev  func  mean     std dev  func  mean     std dev  func  mean     std dev  func  
0            573509  187539   no     573032  87306.3  no     349304  24594.8  no     522165  122287   no    
0            511242  178943   no     510427  78405.7  no     276731  28377.9  no     449681  119532   no    
0            412546  157635   no     409170  67292.2  no     171559  26495.0  no     340213  105576   no    
0            352871  141102   no     354908  61792.0  no     143566  26663.0  no     297598   95861   no    
0            289588  127477   no     293941  57724.8  no      94465  23825.6  no     235026   86977   no    
0            266609  117881   no     267932  53796.5  no      76693  23152.0  no     209008   78475   no    
0            224090  107839   no     226901  50523.4  no      54020  20446.8  no     174271   69431   no    
0            208023  104181   no     211609  47683.4  no      48330  18670.5  no     160663   66601   no    
0            179133   93425   no     184188  44654.9  no      38767  18303.7  no     141480   59931   no    
0            167846   92659   no     172973  44255.0  no      29499  13969.9  no     128458   58979   no    
0            150477   84697   no     154310  41264.5  no      26051  14508.6  no     120308   54966   no    
0            136893   79819   no     143746  40290.6  no      23718  12595.0  no     107479   54304   no    
Title="Plot"
Xaxis="user units"
Yaxis="no scaling"

Line="Roi_1"
0.000000e+00	5.735090e+05
0.000000e+00	5.112418e+05
0.000000e+00	4.125462e+05
0.000000e+00	3.528709e+05
0.000000e+00	2.895881e+05
0.000000e+00	2.666093e+05
0.000000e+00	2.240902e+05
0.000000e+00	2.080231e+05
0.000000e+00	1.791331e+05
0.000000e+00	1.678464e+05
0.000000e+00	1.504766e+05
0.000000e+00	1.368929e+05

Line="Roi_2"
0.000000e+00	5.730320e+05
0.000000e+00	5.104272e+05
0.000000e+00	4.091697e+05
0.000000e+00	3.549077e+05
0.000000e+00	2.939414e+05
0.000000e+00	2.679324e+05
0.000000e+00	2.269005e+05
0.000000e+00	2.116090e+05
0.000000e+00	1.841876e+05
0.000000e+00	1.729733e+05
0.000000e+00	1.543105e+05
0.000000e+00	1.437465e+05

Line="Roi_3"
0.000000e+00	3.493042e+05
0.000000e+00	2.767310e+05
0.000000e+00	1.715586e+05
0.000000e+00	1.435657e+05
0.000000e+00	9.446507e+04
0.000000e+00	7.669292e+04
0.000000e+00	5.402043e+04
0.000000e+00	4.833028e+04
0.000000e+00	3.876713e+04
0.000000e+00	2.949873e+04
0.000000e+00	2.605098e+04
0.000000e+00	2.371757e+04

Line="Roi_4"
0.000000e+00	5.221649e+05
0.000000e+00	4.496810e+05
0.000000e+00	3.402125e+05
0.000000e+00	2.975979e+05
0.000000e+00	2.350261e+05
0.000000e+00	2.090084e+05
0.000000e+00	1.742713e+05
0.000000e+00	1.606629e+05
0.000000e+00	1.414797e+05
0.000000e+00	1.284580e+05
0.000000e+00	1.203078e+05
0.000000e+00	1.074789e+05

