ROI name    Roi_1                   Roi_2                   Roi_3                   Roi_4                   
ROI area        0.22 cm2                   0.10 cm2                   0.12 cm2                  0.082 cm2               
user units  mean     std dev  func  mean     std dev  func  mean     std dev  func  mean     std dev  func  
0            311544  34483.2  no     254194  24442.0  no     241327  17325.7  no     262382  13811.9  no    
0            270857  40578.2  no     206357  21764.9  no     187856  17357.5  no     192586  10949.4  no    
0            211714  41430.9  no     132944  19347.3  no     117389  12387.6  no     120114  10608.6  no    
0            181346  42497.5  no     101793  15383.3  no      98132  13553.5  no     103090  10154.8  no    
0            152024  41949.0  no      66953  15017.5  no      64352  10853.7  no      59713   9395.8  no    
0            135033  41231.2  no      59063  14716.8  no      48819  10561.4  no      52978   8288.2  no    
0            109620  41177.6  no      38152  13891.5  no      38140   9452.9  no      35894   8149.4  no    
0            103440  38084.6  no      35517  12722.9  no      30508   8490.2  no      25478   9012.5  no    
0             86720  36403.5  no      24745  11516.4  no      22783   8646.1  no      24098   8832.5  no    
0             79568  34556.1  no      23094  11725.9  no      21931   7332.8  no      15979   7981.9  no    
0             71003  32567.5  no      19996   9473.9  no      15291   6179.5  no      16183   5919.8  no    
0             63981  33050.5  no      15772   8922.5  no      15725   8204.8  no      14631   5506.6  no    
Title="Plot"
Xaxis="user units"
Yaxis="no scaling"

Line="Roi_1"
0.000000e+00	3.115445e+05
0.000000e+00	2.708569e+05
0.000000e+00	2.117142e+05
0.000000e+00	1.813458e+05
0.000000e+00	1.520239e+05
0.000000e+00	1.350326e+05
0.000000e+00	1.096202e+05
0.000000e+00	1.034397e+05
0.000000e+00	8.671952e+04
0.000000e+00	7.956845e+04
0.000000e+00	7.100304e+04
0.000000e+00	6.398136e+04

Line="Roi_2"
0.000000e+00	2.541943e+05
0.000000e+00	2.063567e+05
0.000000e+00	1.329444e+05
0.000000e+00	1.017926e+05
0.000000e+00	6.695313e+04
0.000000e+00	5.906306e+04
0.000000e+00	3.815162e+04
0.000000e+00	3.551715e+04
0.000000e+00	2.474501e+04
0.000000e+00	2.309360e+04
0.000000e+00	1.999646e+04
0.000000e+00	1.577225e+04

Line="Roi_3"
0.000000e+00	2.413266e+05
0.000000e+00	1.878556e+05
0.000000e+00	1.173889e+05
0.000000e+00	9.813248e+04
0.000000e+00	6.435248e+04
0.000000e+00	4.881949e+04
0.000000e+00	3.813974e+04
0.000000e+00	3.050772e+04
0.000000e+00	2.278315e+04
0.000000e+00	2.193104e+04
0.000000e+00	1.529142e+04
0.000000e+00	1.572474e+04

Line="Roi_4"
0.000000e+00	2.623824e+05
0.000000e+00	1.925863e+05
0.000000e+00	1.201136e+05
0.000000e+00	1.030903e+05
0.000000e+00	5.971342e+04
0.000000e+00	5.297764e+04
0.000000e+00	3.589357e+04
0.000000e+00	2.547842e+04
0.000000e+00	2.409820e+04
0.000000e+00	1.597917e+04
0.000000e+00	1.618277e+04
0.000000e+00	1.463116e+04

