ROI name    Roi_1                   Roi_2                   Roi_3                   Roi_4                   
ROI area        0.21 cm2                 0.0776 cm2                   0.16 cm2                 0.0718 cm2               
user units  mean     std dev  func  mean     std dev  func  mean     std dev  func  mean     std dev  func  
0            331315  34410.0  no     295827  44180.4  no     295641  27262.6  no     270311  34256.3  no    
0            262705  34304.0  no     229557  32100.6  no     227930  21593.5  no     209377  19753.9  no    
0            166979  29659.5  no     138931  21820.2  no     142743  17426.7  no     121715  16344.2  no    
0            129584  31050.3  no     110433  15823.5  no     110354  15709.3  no      98228  13323.5  no    
0             93870  28705.9  no      67539  12239.0  no      68108  12489.0  no      55233  10004.2  no    
0             73450  26111.4  no      55478  13129.3  no      58201  14965.0  no      50045  10836.8  no    
0             55455  25709.8  no      31713  10207.2  no      40094  10209.0  no      32561  10700.9  no    
0             47470  24794.7  no      31414  10777.2  no      33246  12229.0  no      27862  12414.7  no    
0             36948  23469.8  no      22294  10304.2  no      26009   9509.1  no      20132   8837.4  no    
0             32384  22600.1  no      20517  10643.2  no      21998  10073.9  no      19218  10888.4  no    
0             29111  20624.0  no      15991   8880.7  no      17214   9314.0  no      15164   8563.5  no    
0             25666  19848.5  no      15334   9226.6  no      19438   9153.6  no      14561   8432.9  no    
Title="Plot"
Xaxis="user units"
Yaxis="no scaling"

Line="Roi_1"
0.000000e+00	3.313147e+05
0.000000e+00	2.627054e+05
0.000000e+00	1.669791e+05
0.000000e+00	1.295838e+05
0.000000e+00	9.387042e+04
0.000000e+00	7.345038e+04
0.000000e+00	5.545452e+04
0.000000e+00	4.746978e+04
0.000000e+00	3.694834e+04
0.000000e+00	3.238400e+04
0.000000e+00	2.911067e+04
0.000000e+00	2.566554e+04

Line="Roi_2"
0.000000e+00	2.958270e+05
0.000000e+00	2.295571e+05
0.000000e+00	1.389308e+05
0.000000e+00	1.104329e+05
0.000000e+00	6.753932e+04
0.000000e+00	5.547827e+04
0.000000e+00	3.171269e+04
0.000000e+00	3.141386e+04
0.000000e+00	2.229379e+04
0.000000e+00	2.051714e+04
0.000000e+00	1.599069e+04
0.000000e+00	1.533360e+04

Line="Roi_3"
0.000000e+00	2.956409e+05
0.000000e+00	2.279301e+05
0.000000e+00	1.427432e+05
0.000000e+00	1.103543e+05
0.000000e+00	6.810811e+04
0.000000e+00	5.820064e+04
0.000000e+00	4.009406e+04
0.000000e+00	3.324592e+04
0.000000e+00	2.600941e+04
0.000000e+00	2.199808e+04
0.000000e+00	1.721368e+04
0.000000e+00	1.943839e+04

Line="Roi_4"
0.000000e+00	2.703114e+05
0.000000e+00	2.093766e+05
0.000000e+00	1.217151e+05
0.000000e+00	9.822834e+04
0.000000e+00	5.523318e+04
0.000000e+00	5.004473e+04
0.000000e+00	3.256052e+04
0.000000e+00	2.786204e+04
0.000000e+00	2.013154e+04
0.000000e+00	1.921774e+04
0.000000e+00	1.516386e+04
0.000000e+00	1.456118e+04

