ROI name    Roi_1                   Roi_2                   Roi_3                   Roi_4                   
ROI area        0.22 cm2                   0.11 cm2                   0.13 cm2                 0.0938 cm2               
user units  mean     std dev  func  mean     std dev  func  mean     std dev  func  mean     std dev  func  
0            329204  117749   no     179357   50924   no     406557  121241   no     120930  66846.5  no    
0            330915  121815   no     186161   50500   no     421390  123448   no     135025  63525.7  no    
0            336314  122417   no     191145   58068   no     403305  131968   no     115681  66315.8  no    
0            334988  120072   no     185018   64110   no     419559  143000   no     146583  68652.8  no    
0            347620  123341   no     187951   60744   no     423247  144112   no     131621  74536.7  no    
0            377897  130355   no     189382   78107   no     424350  124462   no     128642  83399.9  no    
0            451775  155737   no     205532  101136   no     395104  104611   no     123199  82215.3  no    
0            446318  156095   no     208982   97658   no     383332  101648   no     134241  68073.7  no    
0            452144  151989   no     204794  107043   no     407372   97808   no     133622  71682.8  no    
0            459060  149758   no     204889  110509   no     399117   97020   no     128045  89583.5  no    
0            461353  155653   no     204145  111442   no     410253   97993   no     132751  79947.0  no    
0            456975  151945   no     205062  110884   no     404992   94501   no     127017  73476.5  no    
0            455606  153594   no     204779  110310   no     393782   94546   no     137126  79188.7  no    
0            461262  150998   no     206427  108939   no     408081   98191   no     128189  88739.7  no    
0            460474  151423   no     203862  112045   no     394335   97793   no     129392  79801.9  no    
0            452421  146168   no     201585  108687   no     402410  107803   no     140371  89177.8  no    
0            459533  147637   no     208071  117879   no     396413  101763   no     133416  93837.7  no    
0            460822  154129   no     205955  102732   no     418371   96524   no     134529  90242.0  no    
0            488575  169309   no     219834  115453   no     358508  104475   no     132473  93141.2  no    
0            517013  177329   no     238733  114424   no     412020  107922   no     146473  93583.9  no    
0            516691  180778   no     245868  120568   no     410219  102918   no     144252  89942.3  no    
0            524319  184765   no     241769  136427   no     420001   98459   no     148940  93092.8  no    
0            529875  183570   no     251963  131807   no     424607  103688   no     153165  83550.3  no    
0            513024  181893   no     241938  134987   no     416320  108157   no     146685  93033.0  no    
0            511525  167590   no     247903  142444   no     419395  107331   no     134714  89339.4  no    
0            501420  157848   no     250025  147025   no     420743  108098   no     135593  91701.6  no    
0            492841  150088   no     253389  139815   no     424585  108512   no     134515  88298.4  no    
0            491156  154452   no     252831  139156   no     408148  105592   no     127243  74517.6  no    
0            493475  156558   no     248472  141176   no     415069  105122   no     135410  85254.4  no    
0            491882  154055   no     241987  146152   no     392732  106593   no     127949  79856.4  no    
0            496511  162355   no     246075  143543   no     406883  104187   no     122211  83791.0  no    
0            503009  164265   no     248337  133951   no     389589  107261   no     118841  74250.8  no    
Title="Plot"
Xaxis="user units"
Yaxis="no scaling"

Line="Roi_1"
0.000000e+00	3.292038e+05
0.000000e+00	3.309148e+05
0.000000e+00	3.363144e+05
0.000000e+00	3.349882e+05
0.000000e+00	3.476198e+05
0.000000e+00	3.778971e+05
0.000000e+00	4.517755e+05
0.000000e+00	4.463183e+05
0.000000e+00	4.521438e+05
0.000000e+00	4.590596e+05
0.000000e+00	4.613535e+05
0.000000e+00	4.569748e+05
0.000000e+00	4.556060e+05
0.000000e+00	4.612621e+05
0.000000e+00	4.604735e+05
0.000000e+00	4.524212e+05
0.000000e+00	4.595333e+05
0.000000e+00	4.608216e+05
0.000000e+00	4.885752e+05
0.000000e+00	5.170128e+05
0.000000e+00	5.166909e+05
0.000000e+00	5.243186e+05
0.000000e+00	5.298746e+05
0.000000e+00	5.130242e+05
0.000000e+00	5.115253e+05
0.000000e+00	5.014196e+05
0.000000e+00	4.928414e+05
0.000000e+00	4.911562e+05
0.000000e+00	4.934750e+05
0.000000e+00	4.918823e+05
0.000000e+00	4.965106e+05
0.000000e+00	5.030088e+05

Line="Roi_2"
0.000000e+00	1.793572e+05
0.000000e+00	1.861612e+05
0.000000e+00	1.911450e+05
0.000000e+00	1.850183e+05
0.000000e+00	1.879511e+05
0.000000e+00	1.893817e+05
0.000000e+00	2.055316e+05
0.000000e+00	2.089819e+05
0.000000e+00	2.047943e+05
0.000000e+00	2.048890e+05
0.000000e+00	2.041450e+05
0.000000e+00	2.050624e+05
0.000000e+00	2.047787e+05
0.000000e+00	2.064271e+05
0.000000e+00	2.038616e+05
0.000000e+00	2.015850e+05
0.000000e+00	2.080712e+05
0.000000e+00	2.059555e+05
0.000000e+00	2.198340e+05
0.000000e+00	2.387334e+05
0.000000e+00	2.458684e+05
0.000000e+00	2.417688e+05
0.000000e+00	2.519633e+05
0.000000e+00	2.419384e+05
0.000000e+00	2.479031e+05
0.000000e+00	2.500249e+05
0.000000e+00	2.533890e+05
0.000000e+00	2.528310e+05
0.000000e+00	2.484717e+05
0.000000e+00	2.419868e+05
0.000000e+00	2.460748e+05
0.000000e+00	2.483371e+05

Line="Roi_3"
0.000000e+00	4.065570e+05
0.000000e+00	4.213899e+05
0.000000e+00	4.033048e+05
0.000000e+00	4.195592e+05
0.000000e+00	4.232471e+05
0.000000e+00	4.243499e+05
0.000000e+00	3.951041e+05
0.000000e+00	3.833318e+05
0.000000e+00	4.073716e+05
0.000000e+00	3.991173e+05
0.000000e+00	4.102525e+05
0.000000e+00	4.049920e+05
0.000000e+00	3.937815e+05
0.000000e+00	4.080813e+05
0.000000e+00	3.943350e+05
0.000000e+00	4.024098e+05
0.000000e+00	3.964127e+05
0.000000e+00	4.183708e+05
0.000000e+00	3.585078e+05
0.000000e+00	4.120205e+05
0.000000e+00	4.102185e+05
0.000000e+00	4.200011e+05
0.000000e+00	4.246074e+05
0.000000e+00	4.163203e+05
0.000000e+00	4.193949e+05
0.000000e+00	4.207430e+05
0.000000e+00	4.245855e+05
0.000000e+00	4.081479e+05
0.000000e+00	4.150694e+05
0.000000e+00	3.927318e+05
0.000000e+00	4.068828e+05
0.000000e+00	3.895887e+05

Line="Roi_4"
0.000000e+00	1.209301e+05
0.000000e+00	1.350246e+05
0.000000e+00	1.156810e+05
0.000000e+00	1.465833e+05
0.000000e+00	1.316214e+05
0.000000e+00	1.286418e+05
0.000000e+00	1.231985e+05
0.000000e+00	1.342414e+05
0.000000e+00	1.336224e+05
0.000000e+00	1.280450e+05
0.000000e+00	1.327510e+05
0.000000e+00	1.270171e+05
0.000000e+00	1.371259e+05
0.000000e+00	1.281895e+05
0.000000e+00	1.293923e+05
0.000000e+00	1.403711e+05
0.000000e+00	1.334157e+05
0.000000e+00	1.345286e+05
0.000000e+00	1.324733e+05
0.000000e+00	1.464726e+05
0.000000e+00	1.442521e+05
0.000000e+00	1.489401e+05
0.000000e+00	1.531646e+05
0.000000e+00	1.466847e+05
0.000000e+00	1.347138e+05
0.000000e+00	1.355927e+05
0.000000e+00	1.345147e+05
0.000000e+00	1.272431e+05
0.000000e+00	1.354097e+05
0.000000e+00	1.279494e+05
0.000000e+00	1.222113e+05
0.000000e+00	1.188407e+05

