ROI name    Roi_1                   Roi_2                   Roi_3                   Roi_4                   
ROI area        0.25 cm2                   0.11 cm2                   0.22 cm2                 0.0996 cm2               
user units  mean     std dev  func  mean     std dev  func  mean     std dev  func  mean     std dev  func  
0            374350  181721   no     341224  147125   no     229482  51353.7  no     295417  172681   no    
0            367022  178208   no     337796  151348   no     229164  46437.1  no     290779  179829   no    
0            360084  171761   no     339403  148292   no     234397  57765.4  no     302426  173411   no    
0            358027  157640   no     333592  135940   no     228071  51036.6  no     293678  179750   no    
0            348640  136268   no     321609  132750   no     230875  57320.5  no     279674  162053   no    
0            346583  146094   no     302278  127552   no     223732  45178.0  no     289611  161823   no    
0            351666  134874   no     305380  112619   no     224420  54802.9  no     287308  168610   no    
0            340445  122898   no     295836  106787   no     228585  50165.8  no     280059  146609   no    
0            345258  113804   no     286614  103001   no     217905  52439.1  no     266980  138458   no    
0            334631  102420   no     274636  105363   no     223517  56033.2  no     262411  131968   no    
0            323661   95916   no     276258   95905   no     216351  53381.3  no     247695  123162   no    
0            317000   91203   no     257604  101328   no     215971  59333.8  no     250938  118769   no    
0            316035   88110   no     252167   83924   no     213947  57856.7  no     237133  108564   no    
0            316316   86931   no     261456   86454   no     219942  53031.2  no     243141   98471   no    
0            306935   91464   no     261279   89088   no     221167  57218.2  no     243509   98995   no    
0            330689   92529   no     260487   89915   no     222719  55265.9  no     254392  105290   no    
0            317701  104039   no     275162   93600   no     218924  59979.1  no     249382  109372   no    
0            325782  109221   no     272521   90242   no     220173  57216.6  no     243527  122957   no    
0            323512  109601   no     266066   95598   no     227728  59517.6  no     263353  122691   no    
0            370829  121210   no     281206   99428   no     232187  64418.0  no     258605  131731   no    
0            393611  136723   no     288189  104779   no     239383  58461.0  no     274171  136548   no    
0            387399  134194   no     306625  116176   no     236326  61044.7  no     271841  138556   no    
0            399185  144868   no     297891  115469   no     229905  59185.0  no     272335  141265   no    
0            400426  141665   no     301065  107669   no     235629  59457.3  no     276264  155884   no    
0            386392  148337   no     298080  117351   no     251836  66383.3  no     272255  149596   no    
0            401187  149392   no     306133  126212   no     224674  60543.8  no     268795  155786   no    
0            387233  148111   no     305272  115032   no     229312  61314.5  no     277831  160770   no    
0            384862  150924   no     299959  123741   no     233772  67627.4  no     280227  165187   no    
0            384513  160627   no     303926  120633   no     232922  59198.6  no     272355  159201   no    
0            385611  145650   no     296887  125797   no     233554  54931.9  no     281176  167895   no    
0            386360  140348   no     295632  119984   no     218413  55358.0  no     286398  166798   no    
0            378716  147776   no     294425  116406   no     218730  59097.0  no     275397  155781   no    
Title="Plot"
Xaxis="user units"
Yaxis="no scaling"

Line="Roi_1"
0.000000e+00	3.743505e+05
0.000000e+00	3.670221e+05
0.000000e+00	3.600840e+05
0.000000e+00	3.580274e+05
0.000000e+00	3.486403e+05
0.000000e+00	3.465826e+05
0.000000e+00	3.516662e+05
0.000000e+00	3.404455e+05
0.000000e+00	3.452575e+05
0.000000e+00	3.346309e+05
0.000000e+00	3.236606e+05
0.000000e+00	3.170003e+05
0.000000e+00	3.160346e+05
0.000000e+00	3.163163e+05
0.000000e+00	3.069352e+05
0.000000e+00	3.306886e+05
0.000000e+00	3.177011e+05
0.000000e+00	3.257820e+05
0.000000e+00	3.235124e+05
0.000000e+00	3.708290e+05
0.000000e+00	3.936108e+05
0.000000e+00	3.873990e+05
0.000000e+00	3.991850e+05
0.000000e+00	4.004258e+05
0.000000e+00	3.863918e+05
0.000000e+00	4.011868e+05
0.000000e+00	3.872332e+05
0.000000e+00	3.848618e+05
0.000000e+00	3.845128e+05
0.000000e+00	3.856108e+05
0.000000e+00	3.863601e+05
0.000000e+00	3.787158e+05

Line="Roi_2"
0.000000e+00	3.412241e+05
0.000000e+00	3.377958e+05
0.000000e+00	3.394033e+05
0.000000e+00	3.335923e+05
0.000000e+00	3.216092e+05
0.000000e+00	3.022776e+05
0.000000e+00	3.053802e+05
0.000000e+00	2.958363e+05
0.000000e+00	2.866137e+05
0.000000e+00	2.746361e+05
0.000000e+00	2.762581e+05
0.000000e+00	2.576039e+05
0.000000e+00	2.521666e+05
0.000000e+00	2.614561e+05
0.000000e+00	2.612786e+05
0.000000e+00	2.604869e+05
0.000000e+00	2.751622e+05
0.000000e+00	2.725213e+05
0.000000e+00	2.660663e+05
0.000000e+00	2.812056e+05
0.000000e+00	2.881887e+05
0.000000e+00	3.066249e+05
0.000000e+00	2.978913e+05
0.000000e+00	3.010645e+05
0.000000e+00	2.980801e+05
0.000000e+00	3.061331e+05
0.000000e+00	3.052715e+05
0.000000e+00	2.999592e+05
0.000000e+00	3.039265e+05
0.000000e+00	2.968865e+05
0.000000e+00	2.956321e+05
0.000000e+00	2.944246e+05

Line="Roi_3"
0.000000e+00	2.294817e+05
0.000000e+00	2.291640e+05
0.000000e+00	2.343970e+05
0.000000e+00	2.280709e+05
0.000000e+00	2.308747e+05
0.000000e+00	2.237318e+05
0.000000e+00	2.244197e+05
0.000000e+00	2.285853e+05
0.000000e+00	2.179047e+05
0.000000e+00	2.235173e+05
0.000000e+00	2.163507e+05
0.000000e+00	2.159707e+05
0.000000e+00	2.139471e+05
0.000000e+00	2.199421e+05
0.000000e+00	2.211673e+05
0.000000e+00	2.227191e+05
0.000000e+00	2.189239e+05
0.000000e+00	2.201725e+05
0.000000e+00	2.277285e+05
0.000000e+00	2.321873e+05
0.000000e+00	2.393834e+05
0.000000e+00	2.363258e+05
0.000000e+00	2.299051e+05
0.000000e+00	2.356295e+05
0.000000e+00	2.518362e+05
0.000000e+00	2.246735e+05
0.000000e+00	2.293116e+05
0.000000e+00	2.337717e+05
0.000000e+00	2.329224e+05
0.000000e+00	2.335539e+05
0.000000e+00	2.184127e+05
0.000000e+00	2.187304e+05

Line="Roi_4"
0.000000e+00	2.954168e+05
0.000000e+00	2.907789e+05
0.000000e+00	3.024261e+05
0.000000e+00	2.936775e+05
0.000000e+00	2.796744e+05
0.000000e+00	2.896113e+05
0.000000e+00	2.873076e+05
0.000000e+00	2.800588e+05
0.000000e+00	2.669801e+05
0.000000e+00	2.624106e+05
0.000000e+00	2.476953e+05
0.000000e+00	2.509381e+05
0.000000e+00	2.371327e+05
0.000000e+00	2.431413e+05
0.000000e+00	2.435092e+05
0.000000e+00	2.543920e+05
0.000000e+00	2.493824e+05
0.000000e+00	2.435267e+05
0.000000e+00	2.633533e+05
0.000000e+00	2.586050e+05
0.000000e+00	2.741714e+05
0.000000e+00	2.718412e+05
0.000000e+00	2.723347e+05
0.000000e+00	2.762643e+05
0.000000e+00	2.722551e+05
0.000000e+00	2.687948e+05
0.000000e+00	2.778308e+05
0.000000e+00	2.802274e+05
0.000000e+00	2.723549e+05
0.000000e+00	2.811758e+05
0.000000e+00	2.863979e+05
0.000000e+00	2.753972e+05

