ROI name    Roi_1                   Roi_2                   Roi_3                   Roi_4                   
ROI area        0.20 cm2                   0.11 cm2                   0.17 cm2                 0.0776 cm2               
user units  mean     std dev  func  mean     std dev  func  mean     std dev  func  mean     std dev  func  
0            302266  25976.4  no     223109  56701.4  no     289084  29349.7  no     268465  25979.0  no    
0            240966  29109.5  no     169715  39896.4  no     214397  22374.1  no     200795  19814.6  no    
0            145228  24294.2  no     101737  24119.8  no     138937  19942.8  no     125953  17820.7  no    
0            119567  25161.9  no      81102  17715.3  no     103039  17118.2  no      97193  18424.9  no    
0             79844  23872.0  no      48635  12844.1  no      65528  14715.4  no      62574  20247.5  no    
0             62475  19732.7  no      45495  12544.5  no      56370  14476.1  no      49632  17684.4  no    
0             47895  20387.4  no      26104  12322.2  no      33815  12385.7  no      35011  19654.1  no    
0             36366  19340.7  no      24735  11513.8  no      33911  12368.9  no      30749  16990.3  no    
0             32043  16744.2  no      18749  10882.2  no      23144  11038.1  no      22680  17094.9  no    
0             26275  16007.0  no      17663   9231.4  no      21161  10362.9  no      19953  13598.5  no    
0             22372  13573.9  no      15587   7094.0  no      16440   8539.6  no      20635  14447.1  no    
0             18988  12351.2  no      14502   8248.7  no      16449   7765.4  no      15345  10423.3  no    
Title="Plot"
Xaxis="user units"
Yaxis="no scaling"

Line="Roi_1"
0.000000e+00	3.022660e+05
0.000000e+00	2.409664e+05
0.000000e+00	1.452276e+05
0.000000e+00	1.195669e+05
0.000000e+00	7.984394e+04
0.000000e+00	6.247537e+04
0.000000e+00	4.789523e+04
0.000000e+00	3.636625e+04
0.000000e+00	3.204261e+04
0.000000e+00	2.627522e+04
0.000000e+00	2.237248e+04
0.000000e+00	1.898820e+04

Line="Roi_2"
0.000000e+00	2.231086e+05
0.000000e+00	1.697154e+05
0.000000e+00	1.017367e+05
0.000000e+00	8.110220e+04
0.000000e+00	4.863513e+04
0.000000e+00	4.549452e+04
0.000000e+00	2.610380e+04
0.000000e+00	2.473546e+04
0.000000e+00	1.874934e+04
0.000000e+00	1.766328e+04
0.000000e+00	1.558720e+04
0.000000e+00	1.450230e+04

Line="Roi_3"
0.000000e+00	2.890842e+05
0.000000e+00	2.143974e+05
0.000000e+00	1.389369e+05
0.000000e+00	1.030391e+05
0.000000e+00	6.552772e+04
0.000000e+00	5.637005e+04
0.000000e+00	3.381544e+04
0.000000e+00	3.391143e+04
0.000000e+00	2.314416e+04
0.000000e+00	2.116062e+04
0.000000e+00	1.643959e+04
0.000000e+00	1.644891e+04

Line="Roi_4"
0.000000e+00	2.684649e+05
0.000000e+00	2.007950e+05
0.000000e+00	1.259529e+05
0.000000e+00	9.719290e+04
0.000000e+00	6.257400e+04
0.000000e+00	4.963224e+04
0.000000e+00	3.501108e+04
0.000000e+00	3.074934e+04
0.000000e+00	2.267971e+04
0.000000e+00	1.995268e+04
0.000000e+00	2.063503e+04
0.000000e+00	1.534462e+04

