ROI name    Roi_1                   Roi_2                   Roi_3                   Roi_4                   
ROI area        0.15 cm2                 0.0996 cm2                 0.0996 cm2                   0.20 cm2               
user units  mean     std dev  func  mean     std dev  func  mean     std dev  func  mean     std dev  func  
0            358548  25883.2  no     351470  28656.4  no     367752  101395   no     307749  80865.1  no    
0            304583  34864.6  no     299421  27393.6  no     301275   99500   no     230483  66524.9  no    
0            218595  35836.7  no     214561  21887.9  no     204456   80541   no     140824  43037.6  no    
0            185918  35042.6  no     180027  25320.3  no     165874   74942   no     113719  33934.6  no    
0            141324  35706.7  no     133635  23276.1  no     124654   63263   no      71527  24351.6  no    
0            120325  31980.2  no     114190  24816.0  no     100632   58768   no      57870  18620.3  no    
0             99815  30506.5  no      89768  23925.0  no      80168   53032   no      37188  13445.1  no    
0             81770  30158.9  no      72620  23068.1  no      70649   47690   no      32570  14353.1  no    
0             69869  26383.6  no      63386  26038.5  no      60150   47201   no      24028  11225.3  no    
0             60306  27090.3  no      53421  21325.3  no      51745   46507   no      18922   9448.8  no    
0             49134  21428.9  no      44010  21166.3  no      45197   39441   no      18805   8742.2  no    
0             45777  20656.3  no      42185  20032.2  no      42777   37468   no      16792   9019.4  no    
Title="Plot"
Xaxis="user units"
Yaxis="no scaling"

Line="Roi_1"
0.000000e+00	3.585478e+05
0.000000e+00	3.045834e+05
0.000000e+00	2.185949e+05
0.000000e+00	1.859185e+05
0.000000e+00	1.413242e+05
0.000000e+00	1.203246e+05
0.000000e+00	9.981476e+04
0.000000e+00	8.176989e+04
0.000000e+00	6.986872e+04
0.000000e+00	6.030560e+04
0.000000e+00	4.913406e+04
0.000000e+00	4.577698e+04

Line="Roi_2"
0.000000e+00	3.514702e+05
0.000000e+00	2.994212e+05
0.000000e+00	2.145613e+05
0.000000e+00	1.800271e+05
0.000000e+00	1.336345e+05
0.000000e+00	1.141898e+05
0.000000e+00	8.976761e+04
0.000000e+00	7.261998e+04
0.000000e+00	6.338620e+04
0.000000e+00	5.342076e+04
0.000000e+00	4.401034e+04
0.000000e+00	4.218481e+04

Line="Roi_3"
0.000000e+00	3.677524e+05
0.000000e+00	3.012751e+05
0.000000e+00	2.044557e+05
0.000000e+00	1.658742e+05
0.000000e+00	1.246544e+05
0.000000e+00	1.006316e+05
0.000000e+00	8.016841e+04
0.000000e+00	7.064860e+04
0.000000e+00	6.015000e+04
0.000000e+00	5.174513e+04
0.000000e+00	4.519657e+04
0.000000e+00	4.277712e+04

Line="Roi_4"
0.000000e+00	3.077493e+05
0.000000e+00	2.304826e+05
0.000000e+00	1.408245e+05
0.000000e+00	1.137187e+05
0.000000e+00	7.152686e+04
0.000000e+00	5.786979e+04
0.000000e+00	3.718793e+04
0.000000e+00	3.256976e+04
0.000000e+00	2.402836e+04
0.000000e+00	1.892234e+04
0.000000e+00	1.880451e+04
0.000000e+00	1.679242e+04

