ROI name    Roi_1                   Roi_2                   Roi_3                   Roi_4                   
ROI area        0.27 cm2                   0.14 cm2                   0.15 cm2                 0.0952 cm2               
user units  mean     std dev  func  mean     std dev  func  mean     std dev  func  mean     std dev  func  
0            390213  41515.6  no     389456  24296.5  no     547320  145377   no     284105  99640.9  no    
0            345447  47677.8  no     346289  28705.1  no     492458  133890   no     207785  79654.6  no    
0            253633  47728.7  no     255545  31710.3  no     386850  117902   no     131960  51256.1  no    
0            222758  49321.3  no     221283  30607.4  no     338118  104456   no      94610  37739.0  no    
0            173763  48949.1  no     172441  31208.0  no     281058   93569   no      63207  24727.6  no    
0            148357  47390.4  no     146894  27818.9  no     249650   85895   no      50445  19203.7  no    
0            123029  47111.0  no     118769  29193.4  no     220654   77961   no      32109  12691.7  no    
0            104377  43811.7  no     101680  27586.9  no     200130   75691   no      28678  10993.9  no    
0             89474  42547.2  no      83574  26464.9  no     180041   70460   no      21463   8406.8  no    
0             77307  39899.6  no      71939  23934.8  no     168087   69455   no      17268   8489.0  no    
0             64016  37658.9  no      58663  22520.7  no     154307   66541   no      14231   7279.8  no    
0             57757  36550.3  no      51119  22407.2  no     146091   63342   no      11512   5775.8  no    
Title="Plot"
Xaxis="user units"
Yaxis="no scaling"

Line="Roi_1"
0.000000e+00	3.902129e+05
0.000000e+00	3.454465e+05
0.000000e+00	2.536328e+05
0.000000e+00	2.227584e+05
0.000000e+00	1.737626e+05
0.000000e+00	1.483570e+05
0.000000e+00	1.230289e+05
0.000000e+00	1.043769e+05
0.000000e+00	8.947397e+04
0.000000e+00	7.730744e+04
0.000000e+00	6.401645e+04
0.000000e+00	5.775702e+04

Line="Roi_2"
0.000000e+00	3.894560e+05
0.000000e+00	3.462887e+05
0.000000e+00	2.555450e+05
0.000000e+00	2.212825e+05
0.000000e+00	1.724408e+05
0.000000e+00	1.468943e+05
0.000000e+00	1.187687e+05
0.000000e+00	1.016801e+05
0.000000e+00	8.357356e+04
0.000000e+00	7.193856e+04
0.000000e+00	5.866339e+04
0.000000e+00	5.111871e+04

Line="Roi_3"
0.000000e+00	5.473199e+05
0.000000e+00	4.924578e+05
0.000000e+00	3.868496e+05
0.000000e+00	3.381176e+05
0.000000e+00	2.810576e+05
0.000000e+00	2.496497e+05
0.000000e+00	2.206544e+05
0.000000e+00	2.001303e+05
0.000000e+00	1.800412e+05
0.000000e+00	1.680872e+05
0.000000e+00	1.543069e+05
0.000000e+00	1.460908e+05

Line="Roi_4"
0.000000e+00	2.841045e+05
0.000000e+00	2.077847e+05
0.000000e+00	1.319596e+05
0.000000e+00	9.460968e+04
0.000000e+00	6.320686e+04
0.000000e+00	5.044455e+04
0.000000e+00	3.210860e+04
0.000000e+00	2.867824e+04
0.000000e+00	2.146302e+04
0.000000e+00	1.726811e+04
0.000000e+00	1.423075e+04
0.000000e+00	1.151249e+04

