ROI name    Roi_1                   Roi_2                   Roi_3                   Roi_4                   
ROI area        0.25 cm2                 0.0762 cm2                   0.22 cm2                 0.0762 cm2               
user units  mean     std dev  func  mean     std dev  func  mean     std dev  func  mean     std dev  func  
0            366433  82959.7  no     233130  133260   no     356999  109789   no     293528  113097   no    
0            361861  73118.3  no     236286  124352   no     362524  112735   no     294646  119467   no    
0            355339  78063.7  no     233842  133190   no     353714  109877   no     298488  118669   no    
0            347928  75059.9  no     255957  151461   no     355165  106606   no     290618  117844   no    
0            338987  75700.7  no     266160  152189   no     346285  110467   no     300459  107008   no    
0            341981  72010.2  no     283580  185945   no     344578  106341   no     284091  118356   no    
0            312161  77274.3  no     292761  191414   no     335781  116125   no     289601  116461   no    
0            301610  69629.5  no     311235  215312   no     320662  111372   no     278702  118439   no    
0            281650  67761.2  no     292429  200219   no     309671  112766   no     278746  118061   no    
0            254800  73048.8  no     295815  210298   no     299741  102175   no     264140  109803   no    
0            235434  70641.7  no     288615  207286   no     271303  108505   no     246207  118001   no    
0            215570  69504.4  no     287510  209117   no     257767  111411   no     236775  117216   no    
0            202399  68182.1  no     274718  205112   no     245797   95525   no     237261  101342   no    
0            207278  71651.3  no     279714  214179   no     243234   96049   no     224953   96668   no    
0            204998  76806.8  no     277866  206856   no     241539   96335   no     230191  107075   no    
0            212081  74936.5  no     298757  214270   no     262306   97345   no     233594  109671   no    
0            225922  72477.6  no     298943  212324   no     258209  108879   no     237926  106606   no    
0            238493  66289.7  no     299724  204936   no     269154  104035   no     238843  115158   no    
0            250863  74265.5  no     298970  212013   no     274775  109637   no     239298  111359   no    
0            273336  73462.2  no     308434  214631   no     290835  111710   no     259476  109696   no    
0            275157  69949.2  no     316523  218906   no     305260  105519   no     260817  112241   no    
0            289808  77142.0  no     327811  222068   no     309172  110795   no     273227  111180   no    
0            294336  71943.0  no     317987  220781   no     312359  110242   no     279041  114291   no    
0            299709  69107.3  no     326347  222401   no     318737  113593   no     278071  113195   no    
0            312777  75678.9  no     330619  220139   no     325386  111094   no     281551  109200   no    
0            313573  77852.2  no     311351  211627   no     326455  108179   no     275822  100475   no    
0            319316  73469.1  no     324937  208963   no     320818  109624   no     277531   95102   no    
0            318083  76361.8  no     324930  208124   no     326579  109948   no     273849  102307   no    
0            316617  75117.4  no     315101  197331   no     329796  110613   no     282193  112919   no    
0            320076  76644.6  no     316105  209002   no     333652  110659   no     274937  104325   no    
0            316145  78229.1  no     315426  203030   no     324063  108123   no     272401  112520   no    
0            317399  74260.4  no     303551  197396   no     325426  107189   no     282941  109435   no    
Title="Plot"
Xaxis="user units"
Yaxis="no scaling"

Line="Roi_1"
0.000000e+00	3.664333e+05
0.000000e+00	3.618611e+05
0.000000e+00	3.553390e+05
0.000000e+00	3.479285e+05
0.000000e+00	3.389868e+05
0.000000e+00	3.419810e+05
0.000000e+00	3.121606e+05
0.000000e+00	3.016100e+05
0.000000e+00	2.816502e+05
0.000000e+00	2.548004e+05
0.000000e+00	2.354338e+05
0.000000e+00	2.155696e+05
0.000000e+00	2.023990e+05
0.000000e+00	2.072778e+05
0.000000e+00	2.049976e+05
0.000000e+00	2.120815e+05
0.000000e+00	2.259225e+05
0.000000e+00	2.384927e+05
0.000000e+00	2.508627e+05
0.000000e+00	2.733361e+05
0.000000e+00	2.751567e+05
0.000000e+00	2.898082e+05
0.000000e+00	2.943364e+05
0.000000e+00	2.997087e+05
0.000000e+00	3.127773e+05
0.000000e+00	3.135734e+05
0.000000e+00	3.193161e+05
0.000000e+00	3.180827e+05
0.000000e+00	3.166171e+05
0.000000e+00	3.200762e+05
0.000000e+00	3.161449e+05
0.000000e+00	3.173993e+05

Line="Roi_2"
0.000000e+00	2.331299e+05
0.000000e+00	2.362864e+05
0.000000e+00	2.338423e+05
0.000000e+00	2.559573e+05
0.000000e+00	2.661595e+05
0.000000e+00	2.835796e+05
0.000000e+00	2.927610e+05
0.000000e+00	3.112347e+05
0.000000e+00	2.924286e+05
0.000000e+00	2.958150e+05
0.000000e+00	2.886151e+05
0.000000e+00	2.875103e+05
0.000000e+00	2.747183e+05
0.000000e+00	2.797137e+05
0.000000e+00	2.778656e+05
0.000000e+00	2.987568e+05
0.000000e+00	2.989426e+05
0.000000e+00	2.997238e+05
0.000000e+00	2.989697e+05
0.000000e+00	3.084345e+05
0.000000e+00	3.165232e+05
0.000000e+00	3.278108e+05
0.000000e+00	3.179872e+05
0.000000e+00	3.263465e+05
0.000000e+00	3.306191e+05
0.000000e+00	3.113509e+05
0.000000e+00	3.249369e+05
0.000000e+00	3.249305e+05
0.000000e+00	3.151009e+05
0.000000e+00	3.161052e+05
0.000000e+00	3.154255e+05
0.000000e+00	3.035510e+05

Line="Roi_3"
0.000000e+00	3.569992e+05
0.000000e+00	3.625240e+05
0.000000e+00	3.537141e+05
0.000000e+00	3.551650e+05
0.000000e+00	3.462851e+05
0.000000e+00	3.445782e+05
0.000000e+00	3.357807e+05
0.000000e+00	3.206624e+05
0.000000e+00	3.096715e+05
0.000000e+00	2.997409e+05
0.000000e+00	2.713033e+05
0.000000e+00	2.577670e+05
0.000000e+00	2.457975e+05
0.000000e+00	2.432337e+05
0.000000e+00	2.415393e+05
0.000000e+00	2.623059e+05
0.000000e+00	2.582089e+05
0.000000e+00	2.691535e+05
0.000000e+00	2.747748e+05
0.000000e+00	2.908346e+05
0.000000e+00	3.052599e+05
0.000000e+00	3.091722e+05
0.000000e+00	3.123588e+05
0.000000e+00	3.187373e+05
0.000000e+00	3.253859e+05
0.000000e+00	3.264552e+05
0.000000e+00	3.208184e+05
0.000000e+00	3.265785e+05
0.000000e+00	3.297965e+05
0.000000e+00	3.336516e+05
0.000000e+00	3.240629e+05
0.000000e+00	3.254256e+05

Line="Roi_4"
0.000000e+00	2.935277e+05
0.000000e+00	2.946459e+05
0.000000e+00	2.984877e+05
0.000000e+00	2.906184e+05
0.000000e+00	3.004591e+05
0.000000e+00	2.840912e+05
0.000000e+00	2.896006e+05
0.000000e+00	2.787015e+05
0.000000e+00	2.787465e+05
0.000000e+00	2.641402e+05
0.000000e+00	2.462068e+05
0.000000e+00	2.367746e+05
0.000000e+00	2.372605e+05
0.000000e+00	2.249532e+05
0.000000e+00	2.301911e+05
0.000000e+00	2.335940e+05
0.000000e+00	2.379261e+05
0.000000e+00	2.388425e+05
0.000000e+00	2.392977e+05
0.000000e+00	2.594762e+05
0.000000e+00	2.608173e+05
0.000000e+00	2.732272e+05
0.000000e+00	2.790411e+05
0.000000e+00	2.780710e+05
0.000000e+00	2.815513e+05
0.000000e+00	2.758221e+05
0.000000e+00	2.775313e+05
0.000000e+00	2.738493e+05
0.000000e+00	2.821934e+05
0.000000e+00	2.749367e+05
0.000000e+00	2.724006e+05
0.000000e+00	2.829408e+05

