ROI name    Roi_1                   Roi_2                   Roi_3                   Roi_4                   
ROI area        0.34 cm2                   0.10 cm2                   0.15 cm2                 0.0747 cm2               
user units  mean     std dev  func  mean     std dev  func  mean     std dev  func  mean     std dev  func  
0            468481  147378   no     341525  38516.0  no     351276  23896.9  no     356925  23147.4  no    
0            420090  150474   no     269997  41403.0  no     266347  24850.1  no     265819  23538.3  no    
0            307331  141152   no     174238  44409.4  no     179611  24556.1  no     175952  19677.0  no    
0            276724  133174   no     141240  43395.4  no     136439  24041.3  no     126425  19670.5  no    
0            223117  122933   no      97261  43617.2  no      92095  21951.3  no      85120  18685.0  no    
0            194762  116003   no      82658  43279.2  no      75317  21836.6  no      69624  20072.6  no    
0            167572  108175   no      61840  40908.5  no      53884  19165.1  no      45185  17864.3  no    
0            147521  102952   no      51752  36816.9  no      47666  18822.3  no      40829  18444.0  no    
0            134427   97126   no      43008  34504.2  no      30120  14963.8  no      25867  16320.9  no    
0            115514   92100   no      37348  33340.7  no      30473  13869.5  no      25705  16012.4  no    
0            103820   88032   no      31295  30607.1  no      25025  13973.0  no      20618  14141.2  no    
0             97878   82222   no      29342  27254.2  no      20373  10934.9  no      16422  13293.0  no    
Title="Plot"
Xaxis="user units"
Yaxis="no scaling"

Line="Roi_1"
0.000000e+00	4.684812e+05
0.000000e+00	4.200902e+05
0.000000e+00	3.073315e+05
0.000000e+00	2.767242e+05
0.000000e+00	2.231172e+05
0.000000e+00	1.947616e+05
0.000000e+00	1.675716e+05
0.000000e+00	1.475209e+05
0.000000e+00	1.344267e+05
0.000000e+00	1.155142e+05
0.000000e+00	1.038204e+05
0.000000e+00	9.787765e+04

Line="Roi_2"
0.000000e+00	3.415248e+05
0.000000e+00	2.699970e+05
0.000000e+00	1.742376e+05
0.000000e+00	1.412398e+05
0.000000e+00	9.726088e+04
0.000000e+00	8.265792e+04
0.000000e+00	6.183973e+04
0.000000e+00	5.175182e+04
0.000000e+00	4.300788e+04
0.000000e+00	3.734761e+04
0.000000e+00	3.129522e+04
0.000000e+00	2.934241e+04

Line="Roi_3"
0.000000e+00	3.512763e+05
0.000000e+00	2.663467e+05
0.000000e+00	1.796106e+05
0.000000e+00	1.364389e+05
0.000000e+00	9.209504e+04
0.000000e+00	7.531723e+04
0.000000e+00	5.388410e+04
0.000000e+00	4.766613e+04
0.000000e+00	3.011977e+04
0.000000e+00	3.047345e+04
0.000000e+00	2.502486e+04
0.000000e+00	2.037332e+04

Line="Roi_4"
0.000000e+00	3.569253e+05
0.000000e+00	2.658189e+05
0.000000e+00	1.759524e+05
0.000000e+00	1.264248e+05
0.000000e+00	8.511964e+04
0.000000e+00	6.962355e+04
0.000000e+00	4.518509e+04
0.000000e+00	4.082936e+04
0.000000e+00	2.586654e+04
0.000000e+00	2.570549e+04
0.000000e+00	2.061763e+04
0.000000e+00	1.642213e+04

