ROI name    Roi_1                   Roi_2                   Roi_3                   Roi_4                   
ROI area        0.19 cm2                   0.12 cm2                   0.16 cm2                   0.13 cm2               
user units  mean     std dev  func  mean     std dev  func  mean     std dev  func  mean     std dev  func  
0            276293  49989.8  no     229161  49187.8  no     197699  65143.7  no     199127  67273.9  no    
0            270641  49679.3  no     213126  50966.3  no     199562  64477.2  no     209525  61206.7  no    
0            269936  47852.9  no     208622  56929.8  no     194039  66621.0  no     191370  64210.3  no    
0            266897  50177.9  no     209205  55006.4  no     197824  68104.4  no     208837  65877.5  no    
0            264991  49902.0  no     209102  46582.7  no     179594  65638.3  no     174848  66396.8  no    
0            252385  53394.3  no     202159  62638.2  no     195487  63793.3  no     198175  63380.7  no    
0            256540  48710.6  no     206421  67798.0  no     176098  62123.8  no     204109  71492.1  no    
0            252525  49008.3  no     209879  57011.2  no     174634  68689.8  no     197780  68184.4  no    
0            245593  39985.2  no     198128  65968.0  no     184331  72625.0  no     178562  69614.7  no    
0            240552  50295.1  no     189067  49890.8  no     180428  64782.3  no     198571  73608.4  no    
0            241745  47065.0  no     187394  46482.8  no     173559  63650.4  no     181501  65388.8  no    
0            235233  39481.6  no     198313  61342.9  no     177144  57581.3  no     196975  70631.6  no    
0            238330  36100.5  no     198918  52778.5  no     178592  52320.3  no     182852  66298.1  no    
0            233648  42942.3  no     190003  57348.5  no     186570  49236.8  no     197941  69465.5  no    
0            229475  39969.4  no     189788  54271.0  no     195802  53187.1  no     213128  77417.4  no    
0            218965  35404.7  no     198296  50275.5  no     166478  56067.9  no     181394  67846.9  no    
0            221078  35517.6  no     191425  60131.7  no     181586  50914.2  no     196836  57034.9  no    
0            222175  34784.1  no     189706  57502.8  no     186627  47444.0  no     186960  43037.1  no    
0            215988  37031.9  no     186260  58063.7  no     197927  51854.7  no     182958  46829.7  no    
0            225570  33801.4  no     192766  59707.0  no     173984  45979.3  no     157085  39204.2  no    
0            211072  36144.8  no     199027  68302.2  no     173260  46772.0  no     157862  42377.3  no    
0            215928  38033.3  no     186202  58443.4  no     191086  44895.4  no     187184  44607.8  no    
0            215762  34325.9  no     184455  55261.2  no     176716  41933.3  no     157957  38810.2  no    
0            217443  28377.6  no     187142  52202.0  no     180986  43097.5  no     168562  39344.0  no    
0            221024  30668.8  no     183069  51801.4  no     174779  41053.6  no     167906  34271.4  no    
0            217746  31510.1  no     174466  43590.0  no     183688  37367.7  no     165222  32155.4  no    
0            223508  33793.7  no     177453  46597.5  no     185900  39382.9  no     174013  43422.0  no    
0            226814  32175.5  no     180322  43033.2  no     190502  36628.7  no     158465  42173.6  no    
0            218513  30635.0  no     178408  36019.8  no     188394  39734.4  no     166284  30818.4  no    
0            232742  34175.1  no     168687  38783.9  no     194733  35764.2  no     178870  34199.7  no    
0            232547  35952.8  no     166048  33757.7  no     196172  37969.8  no     177122  34700.8  no    
0            229609  33678.1  no     170804  41315.9  no     202719  40003.6  no     187735  35800.7  no    
Title="Plot"
Xaxis="user units"
Yaxis="no scaling"

Line="Roi_1"
0.000000e+00	2.762926e+05
0.000000e+00	2.706413e+05
0.000000e+00	2.699365e+05
0.000000e+00	2.668967e+05
0.000000e+00	2.649907e+05
0.000000e+00	2.523848e+05
0.000000e+00	2.565401e+05
0.000000e+00	2.525248e+05
0.000000e+00	2.455934e+05
0.000000e+00	2.405521e+05
0.000000e+00	2.417454e+05
0.000000e+00	2.352332e+05
0.000000e+00	2.383297e+05
0.000000e+00	2.336476e+05
0.000000e+00	2.294749e+05
0.000000e+00	2.189651e+05
0.000000e+00	2.210782e+05
0.000000e+00	2.221750e+05
0.000000e+00	2.159880e+05
0.000000e+00	2.255700e+05
0.000000e+00	2.110717e+05
0.000000e+00	2.159280e+05
0.000000e+00	2.157615e+05
0.000000e+00	2.174425e+05
0.000000e+00	2.210245e+05
0.000000e+00	2.177456e+05
0.000000e+00	2.235081e+05
0.000000e+00	2.268139e+05
0.000000e+00	2.185131e+05
0.000000e+00	2.327415e+05
0.000000e+00	2.325466e+05
0.000000e+00	2.296085e+05

Line="Roi_2"
0.000000e+00	2.291611e+05
0.000000e+00	2.131261e+05
0.000000e+00	2.086219e+05
0.000000e+00	2.092051e+05
0.000000e+00	2.091020e+05
0.000000e+00	2.021594e+05
0.000000e+00	2.064206e+05
0.000000e+00	2.098794e+05
0.000000e+00	1.981282e+05
0.000000e+00	1.890670e+05
0.000000e+00	1.873944e+05
0.000000e+00	1.983128e+05
0.000000e+00	1.989184e+05
0.000000e+00	1.900028e+05
0.000000e+00	1.897878e+05
0.000000e+00	1.982964e+05
0.000000e+00	1.914250e+05
0.000000e+00	1.897055e+05
0.000000e+00	1.862603e+05
0.000000e+00	1.927662e+05
0.000000e+00	1.990272e+05
0.000000e+00	1.862016e+05
0.000000e+00	1.844551e+05
0.000000e+00	1.871420e+05
0.000000e+00	1.830694e+05
0.000000e+00	1.744660e+05
0.000000e+00	1.774528e+05
0.000000e+00	1.803220e+05
0.000000e+00	1.784075e+05
0.000000e+00	1.686868e+05
0.000000e+00	1.660479e+05
0.000000e+00	1.708039e+05

Line="Roi_3"
0.000000e+00	1.976995e+05
0.000000e+00	1.995619e+05
0.000000e+00	1.940386e+05
0.000000e+00	1.978236e+05
0.000000e+00	1.795941e+05
0.000000e+00	1.954873e+05
0.000000e+00	1.760977e+05
0.000000e+00	1.746338e+05
0.000000e+00	1.843309e+05
0.000000e+00	1.804279e+05
0.000000e+00	1.735593e+05
0.000000e+00	1.771435e+05
0.000000e+00	1.785916e+05
0.000000e+00	1.865697e+05
0.000000e+00	1.958018e+05
0.000000e+00	1.664784e+05
0.000000e+00	1.815863e+05
0.000000e+00	1.866273e+05
0.000000e+00	1.979270e+05
0.000000e+00	1.739843e+05
0.000000e+00	1.732603e+05
0.000000e+00	1.910863e+05
0.000000e+00	1.767158e+05
0.000000e+00	1.809864e+05
0.000000e+00	1.747791e+05
0.000000e+00	1.836885e+05
0.000000e+00	1.859005e+05
0.000000e+00	1.905017e+05
0.000000e+00	1.883942e+05
0.000000e+00	1.947329e+05
0.000000e+00	1.961717e+05
0.000000e+00	2.027187e+05

Line="Roi_4"
0.000000e+00	1.991268e+05
0.000000e+00	2.095255e+05
0.000000e+00	1.913699e+05
0.000000e+00	2.088368e+05
0.000000e+00	1.748479e+05
0.000000e+00	1.981752e+05
0.000000e+00	2.041089e+05
0.000000e+00	1.977801e+05
0.000000e+00	1.785623e+05
0.000000e+00	1.985712e+05
0.000000e+00	1.815006e+05
0.000000e+00	1.969753e+05
0.000000e+00	1.828519e+05
0.000000e+00	1.979408e+05
0.000000e+00	2.131280e+05
0.000000e+00	1.813936e+05
0.000000e+00	1.968364e+05
0.000000e+00	1.869597e+05
0.000000e+00	1.829584e+05
0.000000e+00	1.570851e+05
0.000000e+00	1.578620e+05
0.000000e+00	1.871836e+05
0.000000e+00	1.579575e+05
0.000000e+00	1.685618e+05
0.000000e+00	1.679060e+05
0.000000e+00	1.652216e+05
0.000000e+00	1.740133e+05
0.000000e+00	1.584650e+05
0.000000e+00	1.662836e+05
0.000000e+00	1.788703e+05
0.000000e+00	1.771218e+05
0.000000e+00	1.877348e+05

