ROI name    Roi_1                   Roi_2                   Roi_3                   Roi_4                   
ROI area        0.19 cm2                   0.12 cm2                   0.16 cm2                   0.13 cm2               
user units  mean     std dev  func  mean     std dev  func  mean     std dev  func  mean     std dev  func  
0            281661  46623.6  no     266385   79781   no     210032  84780.1  no     315886  148506   no    
0            275981  51298.5  no     258255   87495   no     203929  91373.3  no     288303  145463   no    
0            274331  48174.8  no     262915   85152   no     193981  93654.0  no     282185  141756   no    
0            272019  52867.4  no     253004   91304   no     203327  84414.0  no     306775  138445   no    
0            258221  46621.9  no     245694   91285   no     196927  76443.2  no     312624  142918   no    
0            262898  47727.8  no     238841   88325   no     185666  77545.2  no     291085  142685   no    
0            261158  52580.0  no     246957   83600   no     190877  75837.9  no     282575  136473   no    
0            266812  50466.8  no     255520   82329   no     175956  73765.1  no     249066  132256   no    
0            251118  41991.4  no     232146   83578   no     183629  74823.6  no     256860  128435   no    
0            261926  52049.2  no     253004   84476   no     173019  77794.2  no     255012  117919   no    
0            251251  55886.2  no     226963   88255   no     179735  70098.4  no     248834  112298   no    
0            246221  40693.7  no     231246   72836   no     165176  74285.6  no     239327  118214   no    
0            243655  44277.5  no     223638   83751   no     166663  56520.0  no     234417  112420   no    
0            241292  50078.9  no     229943   91407   no     165151  60395.8  no     250531  115154   no    
0            233349  52468.4  no     234509   89522   no     175520  62647.2  no     251399  110949   no    
0            234008  46826.2  no     225289   89125   no     164375  58028.2  no     215869  102007   no    
0            230772  44317.5  no     223007   87870   no     169890  54699.4  no     211782   91886   no    
0            229940  56925.8  no     225233   90959   no     167953  53137.9  no     209424  101130   no    
0            226300  56232.4  no     219173   93547   no     176367  48819.7  no     217801   97402   no    
0            227425  57841.5  no     230211  100831   no     165891  50901.5  no     188175   82836   no    
0            224267  46751.6  no     227140   95993   no     167287  49333.1  no     186989   72545   no    
0            226545  53056.3  no     214672   90847   no     166484  55951.0  no     204654   83863   no    
0            224235  53318.9  no     217617   81268   no     168347  54249.5  no     192579   79411   no    
0            229434  58763.7  no     211600   73770   no     171180  51403.2  no     190120   68851   no    
0            222589  54694.3  no     212889   69377   no     179046  53061.8  no     184778   73789   no    
0            230922  57708.4  no     214668   62037   no     174144  49308.6  no     187065   58962   no    
0            230309  53628.7  no     216590   55100   no     177441  38184.7  no     183191   60465   no    
0            229585  53029.3  no     216061   55404   no     177829  51230.2  no     178249   52994   no    
0            224028  54124.5  no     219308   50094   no     177577  50232.6  no     182287   55900   no    
0            236815  53229.6  no     215260   47754   no     182880  43839.8  no     194396   60620   no    
0            234474  61435.3  no     205652   43510   no     189817  48630.8  no     199387   51063   no    
0            227221  58375.0  no     210660   52950   no     193150  50182.1  no     194176   57984   no    
Title="Plot"
Xaxis="user units"
Yaxis="no scaling"

Line="Roi_1"
0.000000e+00	2.816605e+05
0.000000e+00	2.759815e+05
0.000000e+00	2.743312e+05
0.000000e+00	2.720194e+05
0.000000e+00	2.582215e+05
0.000000e+00	2.628976e+05
0.000000e+00	2.611583e+05
0.000000e+00	2.668118e+05
0.000000e+00	2.511179e+05
0.000000e+00	2.619258e+05
0.000000e+00	2.512513e+05
0.000000e+00	2.462212e+05
0.000000e+00	2.436545e+05
0.000000e+00	2.412915e+05
0.000000e+00	2.333488e+05
0.000000e+00	2.340075e+05
0.000000e+00	2.307725e+05
0.000000e+00	2.299403e+05
0.000000e+00	2.263000e+05
0.000000e+00	2.274254e+05
0.000000e+00	2.242670e+05
0.000000e+00	2.265454e+05
0.000000e+00	2.242355e+05
0.000000e+00	2.294336e+05
0.000000e+00	2.225890e+05
0.000000e+00	2.309219e+05
0.000000e+00	2.303086e+05
0.000000e+00	2.295848e+05
0.000000e+00	2.240284e+05
0.000000e+00	2.368150e+05
0.000000e+00	2.344738e+05
0.000000e+00	2.272214e+05

Line="Roi_2"
0.000000e+00	2.663850e+05
0.000000e+00	2.582555e+05
0.000000e+00	2.629152e+05
0.000000e+00	2.530040e+05
0.000000e+00	2.456942e+05
0.000000e+00	2.388413e+05
0.000000e+00	2.469570e+05
0.000000e+00	2.555201e+05
0.000000e+00	2.321464e+05
0.000000e+00	2.530035e+05
0.000000e+00	2.269633e+05
0.000000e+00	2.312456e+05
0.000000e+00	2.236375e+05
0.000000e+00	2.299432e+05
0.000000e+00	2.345089e+05
0.000000e+00	2.252893e+05
0.000000e+00	2.230070e+05
0.000000e+00	2.252333e+05
0.000000e+00	2.191728e+05
0.000000e+00	2.302113e+05
0.000000e+00	2.271397e+05
0.000000e+00	2.146723e+05
0.000000e+00	2.176170e+05
0.000000e+00	2.115998e+05
0.000000e+00	2.128890e+05
0.000000e+00	2.146678e+05
0.000000e+00	2.165897e+05
0.000000e+00	2.160607e+05
0.000000e+00	2.193080e+05
0.000000e+00	2.152600e+05
0.000000e+00	2.056518e+05
0.000000e+00	2.106602e+05

Line="Roi_3"
0.000000e+00	2.100319e+05
0.000000e+00	2.039289e+05
0.000000e+00	1.939812e+05
0.000000e+00	2.033270e+05
0.000000e+00	1.969270e+05
0.000000e+00	1.856657e+05
0.000000e+00	1.908769e+05
0.000000e+00	1.759560e+05
0.000000e+00	1.836291e+05
0.000000e+00	1.730186e+05
0.000000e+00	1.797345e+05
0.000000e+00	1.651757e+05
0.000000e+00	1.666631e+05
0.000000e+00	1.651508e+05
0.000000e+00	1.755202e+05
0.000000e+00	1.643755e+05
0.000000e+00	1.698903e+05
0.000000e+00	1.679534e+05
0.000000e+00	1.763674e+05
0.000000e+00	1.658914e+05
0.000000e+00	1.672865e+05
0.000000e+00	1.664838e+05
0.000000e+00	1.683475e+05
0.000000e+00	1.711798e+05
0.000000e+00	1.790456e+05
0.000000e+00	1.741440e+05
0.000000e+00	1.774406e+05
0.000000e+00	1.778290e+05
0.000000e+00	1.775773e+05
0.000000e+00	1.828796e+05
0.000000e+00	1.898171e+05
0.000000e+00	1.931503e+05

Line="Roi_4"
0.000000e+00	3.158864e+05
0.000000e+00	2.883031e+05
0.000000e+00	2.821846e+05
0.000000e+00	3.067747e+05
0.000000e+00	3.126236e+05
0.000000e+00	2.910846e+05
0.000000e+00	2.825747e+05
0.000000e+00	2.490665e+05
0.000000e+00	2.568598e+05
0.000000e+00	2.550122e+05
0.000000e+00	2.488344e+05
0.000000e+00	2.393275e+05
0.000000e+00	2.344165e+05
0.000000e+00	2.505305e+05
0.000000e+00	2.513986e+05
0.000000e+00	2.158693e+05
0.000000e+00	2.117817e+05
0.000000e+00	2.094240e+05
0.000000e+00	2.178008e+05
0.000000e+00	1.881750e+05
0.000000e+00	1.869888e+05
0.000000e+00	2.046540e+05
0.000000e+00	1.925787e+05
0.000000e+00	1.901198e+05
0.000000e+00	1.847775e+05
0.000000e+00	1.870647e+05
0.000000e+00	1.831911e+05
0.000000e+00	1.782493e+05
0.000000e+00	1.822866e+05
0.000000e+00	1.943963e+05
0.000000e+00	1.993871e+05
0.000000e+00	1.941765e+05

