ROI name    Roi_1                   Roi_2                   Roi_3                   Roi_4                   
ROI area        0.25 cm2                   0.11 cm2                   0.22 cm2                 0.0996 cm2               
user units  mean     std dev  func  mean     std dev  func  mean     std dev  func  mean     std dev  func  
0            174812  39949.0  no     150758  46959.0  no     183630  67558.5  no     150634  42530.3  no    
0            188101  49386.6  no     155608  35839.1  no     177144  57297.7  no     162789  29276.8  no    
0            179806  43130.3  no     155231  44659.0  no     182954  62472.8  no     160446  39605.9  no    
0            185731  44142.3  no     154114  50748.5  no     181478  64494.4  no     152378  39704.4  no    
0            182758  43130.9  no     148432  43787.3  no     179942  69311.3  no     145397  38428.9  no    
0            189049  43298.0  no     154869  44089.7  no     176952  70793.5  no     153793  35961.3  no    
0            196332  37382.9  no     149639  52063.9  no     185904  68025.7  no     142099  44435.8  no    
0            182899  42475.1  no     161613  49822.2  no     178605  72569.3  no     142563  39039.7  no    
0            183776  44489.5  no     155212  63814.7  no     180285  77412.2  no     137638  47705.7  no    
0            179787  47904.0  no     149390  64982.1  no     181964  84890.2  no     136744  46563.8  no    
0            185297  41019.9  no     157594  70321.2  no     176175  83489.1  no     126620  45871.7  no    
0            182450  41138.2  no     152187  65515.4  no     180967  90514.5  no     139746  57096.5  no    
0            184409  41008.4  no     165141  74581.6  no     180730  87596.6  no     141372  53319.3  no    
0            177900  36458.5  no     151178  62722.2  no     184927  94690.7  no     142868  57250.9  no    
0            183641  42504.5  no     157739  67966.7  no     182517  86564.8  no     138193  51541.6  no    
0            188965  38976.9  no     150633  68470.8  no     183009  98636.7  no     130428  62941.7  no    
0            175843  39879.2  no     152110  67814.1  no     190205  89428.8  no     139425  54642.0  no    
0            195500  43856.5  no     154927  62596.8  no     169832  79058.6  no     140903  47610.0  no    
0            181361  52159.9  no     152541  64638.4  no     181250  78037.4  no     130924  41385.5  no    
0            194848  46672.6  no     156702  59078.5  no     188565  83237.8  no     140202  46692.2  no    
0            190749  49728.8  no     149369  68777.7  no     185390  76163.7  no     136333  51040.5  no    
0            191188  45528.7  no     150651  60194.4  no     186693  70901.6  no     135513  40157.3  no    
0            195039  44033.2  no     150101  62948.1  no     184258  80083.6  no     130024  45317.1  no    
0            201242  44638.1  no     155483  58592.1  no     176994  78017.1  no     139672  33009.2  no    
0            190676  49250.3  no     157008  64079.7  no     184016  77425.9  no     151081  51452.9  no    
0            188871  40818.6  no     163302  58230.1  no     172695  66544.5  no     138025  43077.1  no    
0            195470  40945.2  no     148150  56335.1  no     182882  70214.0  no     136221  41357.3  no    
0            187020  49140.7  no     153494  69544.9  no     184659  68772.7  no     129964  42573.2  no    
0            184679  46387.8  no     153591  61750.2  no     198393  71168.3  no     141407  42357.0  no    
0            192688  48722.7  no     152703  67379.5  no     185188  68924.3  no     137920  34336.3  no    
0            188928  47905.0  no     157833  68758.6  no     174132  71912.4  no     130911  34013.4  no    
0            182461  52958.1  no     157751  59179.3  no     192502  68911.5  no     138019  40586.6  no    
Title="Plot"
Xaxis="user units"
Yaxis="no scaling"

Line="Roi_1"
0.000000e+00	1.748123e+05
0.000000e+00	1.881006e+05
0.000000e+00	1.798056e+05
0.000000e+00	1.857305e+05
0.000000e+00	1.827578e+05
0.000000e+00	1.890494e+05
0.000000e+00	1.963320e+05
0.000000e+00	1.828987e+05
0.000000e+00	1.837762e+05
0.000000e+00	1.797874e+05
0.000000e+00	1.852968e+05
0.000000e+00	1.824499e+05
0.000000e+00	1.844092e+05
0.000000e+00	1.778996e+05
0.000000e+00	1.836411e+05
0.000000e+00	1.889650e+05
0.000000e+00	1.758434e+05
0.000000e+00	1.954996e+05
0.000000e+00	1.813612e+05
0.000000e+00	1.948476e+05
0.000000e+00	1.907488e+05
0.000000e+00	1.911877e+05
0.000000e+00	1.950389e+05
0.000000e+00	2.012419e+05
0.000000e+00	1.906762e+05
0.000000e+00	1.888707e+05
0.000000e+00	1.954703e+05
0.000000e+00	1.870203e+05
0.000000e+00	1.846786e+05
0.000000e+00	1.926878e+05
0.000000e+00	1.889280e+05
0.000000e+00	1.824612e+05

Line="Roi_2"
0.000000e+00	1.507583e+05
0.000000e+00	1.556084e+05
0.000000e+00	1.552307e+05
0.000000e+00	1.541136e+05
0.000000e+00	1.484317e+05
0.000000e+00	1.548687e+05
0.000000e+00	1.496386e+05
0.000000e+00	1.616134e+05
0.000000e+00	1.552115e+05
0.000000e+00	1.493897e+05
0.000000e+00	1.575942e+05
0.000000e+00	1.521872e+05
0.000000e+00	1.651406e+05
0.000000e+00	1.511782e+05
0.000000e+00	1.577392e+05
0.000000e+00	1.506329e+05
0.000000e+00	1.521103e+05
0.000000e+00	1.549270e+05
0.000000e+00	1.525414e+05
0.000000e+00	1.567021e+05
0.000000e+00	1.493691e+05
0.000000e+00	1.506511e+05
0.000000e+00	1.501014e+05
0.000000e+00	1.554828e+05
0.000000e+00	1.570083e+05
0.000000e+00	1.633019e+05
0.000000e+00	1.481499e+05
0.000000e+00	1.534940e+05
0.000000e+00	1.535907e+05
0.000000e+00	1.527026e+05
0.000000e+00	1.578327e+05
0.000000e+00	1.577513e+05

Line="Roi_3"
0.000000e+00	1.836297e+05
0.000000e+00	1.771438e+05
0.000000e+00	1.829542e+05
0.000000e+00	1.814783e+05
0.000000e+00	1.799422e+05
0.000000e+00	1.769518e+05
0.000000e+00	1.859041e+05
0.000000e+00	1.786045e+05
0.000000e+00	1.802850e+05
0.000000e+00	1.819642e+05
0.000000e+00	1.761754e+05
0.000000e+00	1.809675e+05
0.000000e+00	1.807302e+05
0.000000e+00	1.849272e+05
0.000000e+00	1.825170e+05
0.000000e+00	1.830086e+05
0.000000e+00	1.902053e+05
0.000000e+00	1.698320e+05
0.000000e+00	1.812497e+05
0.000000e+00	1.885655e+05
0.000000e+00	1.853903e+05
0.000000e+00	1.866933e+05
0.000000e+00	1.842581e+05
0.000000e+00	1.769935e+05
0.000000e+00	1.840157e+05
0.000000e+00	1.726948e+05
0.000000e+00	1.828819e+05
0.000000e+00	1.846594e+05
0.000000e+00	1.983929e+05
0.000000e+00	1.851885e+05
0.000000e+00	1.741325e+05
0.000000e+00	1.925025e+05

Line="Roi_4"
0.000000e+00	1.506338e+05
0.000000e+00	1.627889e+05
0.000000e+00	1.604456e+05
0.000000e+00	1.523776e+05
0.000000e+00	1.453974e+05
0.000000e+00	1.537933e+05
0.000000e+00	1.420995e+05
0.000000e+00	1.425634e+05
0.000000e+00	1.376382e+05
0.000000e+00	1.367436e+05
0.000000e+00	1.266203e+05
0.000000e+00	1.397460e+05
0.000000e+00	1.413724e+05
0.000000e+00	1.428679e+05
0.000000e+00	1.381929e+05
0.000000e+00	1.304279e+05
0.000000e+00	1.394248e+05
0.000000e+00	1.409031e+05
0.000000e+00	1.309242e+05
0.000000e+00	1.402016e+05
0.000000e+00	1.363328e+05
0.000000e+00	1.355130e+05
0.000000e+00	1.300239e+05
0.000000e+00	1.396718e+05
0.000000e+00	1.510807e+05
0.000000e+00	1.380252e+05
0.000000e+00	1.362213e+05
0.000000e+00	1.299641e+05
0.000000e+00	1.414073e+05
0.000000e+00	1.379197e+05
0.000000e+00	1.309111e+05
0.000000e+00	1.380191e+05

