ROI name    Roi_1                   Roi_2                   Roi_3                   Roi_4                   
ROI area        0.19 cm2                 0.0703 cm2                   0.17 cm2                 0.0659 cm2               
user units  mean     std dev  func  mean     std dev  func  mean     std dev  func  mean     std dev  func  
0            420787  34757.7  no     368028  25517.4  no     355204  30828.2  no     339701  22838.4  no    
0            358319  39357.5  no     291194  20878.4  no     284850  25772.4  no     260166  22618.8  no    
0            258499  42869.9  no     185060  14088.0  no     184818  25550.1  no     167697  17718.6  no    
0            222512  42874.4  no     140548  13219.6  no     150020  22419.5  no     127403  13452.9  no    
0            171007  43760.2  no      85422  13380.4  no     101904  22045.2  no      85571  14597.2  no    
0            146507  43174.9  no      71622  11994.5  no      81567  22566.5  no      65810  12122.3  no    
0            120394  38407.8  no      45198  13329.3  no      61266  20387.0  no      46606  10104.0  no    
0            104702  38173.6  no      39583  10769.5  no      49061  18771.1  no      36358   9892.0  no    
0             87870  35684.0  no      28013   9060.3  no      38105  18051.1  no      23390   9193.1  no    
0             77245  33425.7  no      23476  10102.1  no      32209  15226.5  no      21431   8129.2  no    
0             66203  31490.8  no      18381   9412.3  no      25133  13909.0  no      15976   7756.8  no    
0             58478  28736.4  no      16115   8131.6  no      22499  13623.2  no      17994   9190.8  no    
Title="Plot"
Xaxis="user units"
Yaxis="no scaling"

Line="Roi_1"
0.000000e+00	4.207872e+05
0.000000e+00	3.583187e+05
0.000000e+00	2.584989e+05
0.000000e+00	2.225121e+05
0.000000e+00	1.710067e+05
0.000000e+00	1.465070e+05
0.000000e+00	1.203942e+05
0.000000e+00	1.047023e+05
0.000000e+00	8.786961e+04
0.000000e+00	7.724463e+04
0.000000e+00	6.620262e+04
0.000000e+00	5.847765e+04

Line="Roi_2"
0.000000e+00	3.680281e+05
0.000000e+00	2.911940e+05
0.000000e+00	1.850600e+05
0.000000e+00	1.405484e+05
0.000000e+00	8.542226e+04
0.000000e+00	7.162157e+04
0.000000e+00	4.519796e+04
0.000000e+00	3.958301e+04
0.000000e+00	2.801275e+04
0.000000e+00	2.347639e+04
0.000000e+00	1.838101e+04
0.000000e+00	1.611452e+04

Line="Roi_3"
0.000000e+00	3.552045e+05
0.000000e+00	2.848499e+05
0.000000e+00	1.848176e+05
0.000000e+00	1.500205e+05
0.000000e+00	1.019035e+05
0.000000e+00	8.156675e+04
0.000000e+00	6.126603e+04
0.000000e+00	4.906110e+04
0.000000e+00	3.810505e+04
0.000000e+00	3.220926e+04
0.000000e+00	2.513349e+04
0.000000e+00	2.249932e+04

Line="Roi_4"
0.000000e+00	3.397009e+05
0.000000e+00	2.601657e+05
0.000000e+00	1.676974e+05
0.000000e+00	1.274026e+05
0.000000e+00	8.557141e+04
0.000000e+00	6.580992e+04
0.000000e+00	4.660624e+04
0.000000e+00	3.635763e+04
0.000000e+00	2.338968e+04
0.000000e+00	2.143132e+04
0.000000e+00	1.597581e+04
0.000000e+00	1.799428e+04

