ROI name    Roi_1                   Roi_2                   Roi_3                   Roi_4                   
ROI area        0.37 cm2                 0.0776 cm2                   0.18 cm2                   0.18 cm2               
user units  mean     std dev  func  mean     std dev  func  mean     std dev  func  mean     std dev  func  
0            799476  253497   no     481830  25703.9  no     714897  257119   no     450209  119923   no    
0            743744  242271   no     371280  27519.6  no     599704  247696   no     347569   96072   no    
0            600191  207244   no     238118  25189.3  no     443176  215546   no     220106   61484   no    
0            545141  192410   no     184779  28767.4  no     374689  197527   no     167262   49230   no    
0            461295  172216   no     130055  24730.3  no     298512  169327   no     109246   32616   no    
0            415306  165767   no     102142  20460.8  no     261556  159735   no      88449   27930   no    
0            366073  153562   no      60950  24443.6  no     220546  136904   no      60256   21066   no    
0            331477  149888   no      57530  24973.0  no     197036  133381   no      48203   17351   no    
0            296575  141929   no      36590  22706.5  no     176071  122589   no      35026   13243   no    
0            273619  137992   no      34209  20394.3  no     162183  116051   no      31805   15010   no    
0            248236  133378   no      27532  15936.5  no     145991  109895   no      24950   11302   no    
0            230040  128256   no      26977  14550.4  no     138242  101716   no      21480   10307   no    
Title="Plot"
Xaxis="user units"
Yaxis="no scaling"

Line="Roi_1"
0.000000e+00	7.994762e+05
0.000000e+00	7.437439e+05
0.000000e+00	6.001906e+05
0.000000e+00	5.451413e+05
0.000000e+00	4.612949e+05
0.000000e+00	4.153062e+05
0.000000e+00	3.660728e+05
0.000000e+00	3.314774e+05
0.000000e+00	2.965747e+05
0.000000e+00	2.736195e+05
0.000000e+00	2.482362e+05
0.000000e+00	2.300403e+05

Line="Roi_2"
0.000000e+00	4.818304e+05
0.000000e+00	3.712796e+05
0.000000e+00	2.381178e+05
0.000000e+00	1.847792e+05
0.000000e+00	1.300546e+05
0.000000e+00	1.021421e+05
0.000000e+00	6.095032e+04
0.000000e+00	5.753046e+04
0.000000e+00	3.658952e+04
0.000000e+00	3.420881e+04
0.000000e+00	2.753167e+04
0.000000e+00	2.697685e+04

Line="Roi_3"
0.000000e+00	7.148966e+05
0.000000e+00	5.997042e+05
0.000000e+00	4.431757e+05
0.000000e+00	3.746888e+05
0.000000e+00	2.985122e+05
0.000000e+00	2.615562e+05
0.000000e+00	2.205459e+05
0.000000e+00	1.970357e+05
0.000000e+00	1.760714e+05
0.000000e+00	1.621832e+05
0.000000e+00	1.459912e+05
0.000000e+00	1.382421e+05

Line="Roi_4"
0.000000e+00	4.502089e+05
0.000000e+00	3.475694e+05
0.000000e+00	2.201065e+05
0.000000e+00	1.672623e+05
0.000000e+00	1.092456e+05
0.000000e+00	8.844878e+04
0.000000e+00	6.025583e+04
0.000000e+00	4.820254e+04
0.000000e+00	3.502607e+04
0.000000e+00	3.180546e+04
0.000000e+00	2.494969e+04
0.000000e+00	2.148034e+04

