ROI name    Roi_1                   Roi_2                   Roi_3                   Roi_4                   
ROI area        0.40 cm2                   0.12 cm2                   0.21 cm2                   0.22 cm2               
user units  mean     std dev  func  mean     std dev  func  mean     std dev  func  mean     std dev  func  
0            688101  464900   no     273260   84314   no     589650  366207   no     230411  59848.4  no    
0            679817  468819   no     266270   90356   no     576189  352904   no     232029  57021.9  no    
0            685302  468308   no     282485   81633   no     576888  360314   no     229676  54818.8  no    
0            681298  463208   no     262914   83380   no     591366  368571   no     233007  54803.6  no    
0            680357  461094   no     285966   84212   no     592873  379213   no     237602  51850.7  no    
0            674110  454746   no     292055  108154   no     622022  397869   no     247573  62459.5  no    
0            672876  461508   no     286432   94844   no     618959  389392   no     233732  54730.8  no    
0            670097  459025   no     281621   87100   no     616724  383016   no     234522  60753.9  no    
0            673896  464336   no     278006   85255   no     618052  379166   no     228710  51320.5  no    
0            661507  457646   no     268702   87056   no     616004  380529   no     233073  54180.1  no    
0            660935  451251   no     293285   90267   no     609612  376286   no     221399  57193.8  no    
0            652721  455104   no     288626   96340   no     608112  366494   no     239368  53594.7  no    
0            645659  444912   no     310328   98780   no     606743  363327   no     237343  50283.6  no    
0            638234  440789   no     297955   95014   no     591412  355017   no     232499  58639.6  no    
0            635355  432358   no     277144   91098   no     581989  355408   no     232190  58472.0  no    
0            635950  441920   no     280668   92059   no     579103  350701   no     233495  59878.4  no    
0            641467  439874   no     298066   88618   no     576983  358785   no     235751  55150.8  no    
0            641722  439861   no     286724   97606   no     575088  352292   no     232765  60958.2  no    
0            643267  441517   no     296301   92332   no     570560  358653   no     230843  56796.5  no    
0            663357  444179   no     400594   99219   no     634782  364306   no     301939  63482.8  no    
0            674719  449464   no     388663  104714   no     668348  375093   no     299274  64906.4  no    
0            682799  453047   no     366567  100337   no     657638  377788   no     284611  72194.3  no    
0            684276  445143   no     341100  103983   no     669755  378831   no     274462  65331.9  no    
0            685933  453403   no     330015  107058   no     663669  377730   no     279297  67165.1  no    
0            683052  448545   no     322328  104625   no     674056  375558   no     278791  66188.2  no    
0            688496  451902   no     311440   82137   no     653261  378413   no     264323  65344.1  no    
0            685617  449142   no     345029   98206   no     653814  369907   no     260623  62757.7  no    
0            677310  437538   no     322389   98096   no     640802  361703   no     261768  64533.8  no    
0            680120  437253   no     323996   77986   no     609793  363856   no     252105  71534.5  no    
0            679423  432191   no     308429   94058   no     621611  358909   no     251619  58111.9  no    
0            679123  432440   no     300638   90236   no     606852  352960   no     243897  69907.9  no    
0            688830  437476   no     316893   86002   no     597800  354353   no     241991  68613.0  no    
Title="Plot"
Xaxis="user units"
Yaxis="no scaling"

Line="Roi_1"
0.000000e+00	6.881008e+05
0.000000e+00	6.798175e+05
0.000000e+00	6.853020e+05
0.000000e+00	6.812983e+05
0.000000e+00	6.803573e+05
0.000000e+00	6.741102e+05
0.000000e+00	6.728756e+05
0.000000e+00	6.700970e+05
0.000000e+00	6.738959e+05
0.000000e+00	6.615067e+05
0.000000e+00	6.609348e+05
0.000000e+00	6.527212e+05
0.000000e+00	6.456585e+05
0.000000e+00	6.382337e+05
0.000000e+00	6.353552e+05
0.000000e+00	6.359504e+05
0.000000e+00	6.414672e+05
0.000000e+00	6.417219e+05
0.000000e+00	6.432670e+05
0.000000e+00	6.633569e+05
0.000000e+00	6.747190e+05
0.000000e+00	6.827989e+05
0.000000e+00	6.842758e+05
0.000000e+00	6.859331e+05
0.000000e+00	6.830524e+05
0.000000e+00	6.884957e+05
0.000000e+00	6.856169e+05
0.000000e+00	6.773105e+05
0.000000e+00	6.801198e+05
0.000000e+00	6.794233e+05
0.000000e+00	6.791232e+05
0.000000e+00	6.888297e+05

Line="Roi_2"
0.000000e+00	2.732603e+05
0.000000e+00	2.662696e+05
0.000000e+00	2.824849e+05
0.000000e+00	2.629138e+05
0.000000e+00	2.859660e+05
0.000000e+00	2.920549e+05
0.000000e+00	2.864320e+05
0.000000e+00	2.816211e+05
0.000000e+00	2.780058e+05
0.000000e+00	2.687020e+05
0.000000e+00	2.932853e+05
0.000000e+00	2.886261e+05
0.000000e+00	3.103276e+05
0.000000e+00	2.979553e+05
0.000000e+00	2.771441e+05
0.000000e+00	2.806681e+05
0.000000e+00	2.980662e+05
0.000000e+00	2.867241e+05
0.000000e+00	2.963010e+05
0.000000e+00	4.005935e+05
0.000000e+00	3.886634e+05
0.000000e+00	3.665669e+05
0.000000e+00	3.411004e+05
0.000000e+00	3.300149e+05
0.000000e+00	3.223283e+05
0.000000e+00	3.114402e+05
0.000000e+00	3.450295e+05
0.000000e+00	3.223887e+05
0.000000e+00	3.239957e+05
0.000000e+00	3.084287e+05
0.000000e+00	3.006380e+05
0.000000e+00	3.168925e+05

Line="Roi_3"
0.000000e+00	5.896496e+05
0.000000e+00	5.761886e+05
0.000000e+00	5.768884e+05
0.000000e+00	5.913657e+05
0.000000e+00	5.928729e+05
0.000000e+00	6.220220e+05
0.000000e+00	6.189591e+05
0.000000e+00	6.167236e+05
0.000000e+00	6.180516e+05
0.000000e+00	6.160037e+05
0.000000e+00	6.096118e+05
0.000000e+00	6.081122e+05
0.000000e+00	6.067428e+05
0.000000e+00	5.914117e+05
0.000000e+00	5.819890e+05
0.000000e+00	5.791028e+05
0.000000e+00	5.769826e+05
0.000000e+00	5.750875e+05
0.000000e+00	5.705600e+05
0.000000e+00	6.347822e+05
0.000000e+00	6.683475e+05
0.000000e+00	6.576384e+05
0.000000e+00	6.697550e+05
0.000000e+00	6.636690e+05
0.000000e+00	6.740559e+05
0.000000e+00	6.532613e+05
0.000000e+00	6.538140e+05
0.000000e+00	6.408019e+05
0.000000e+00	6.097926e+05
0.000000e+00	6.216110e+05
0.000000e+00	6.068525e+05
0.000000e+00	5.978004e+05

Line="Roi_4"
0.000000e+00	2.304108e+05
0.000000e+00	2.320294e+05
0.000000e+00	2.296762e+05
0.000000e+00	2.330074e+05
0.000000e+00	2.376020e+05
0.000000e+00	2.475726e+05
0.000000e+00	2.337325e+05
0.000000e+00	2.345218e+05
0.000000e+00	2.287098e+05
0.000000e+00	2.330731e+05
0.000000e+00	2.213985e+05
0.000000e+00	2.393678e+05
0.000000e+00	2.373427e+05
0.000000e+00	2.324988e+05
0.000000e+00	2.321902e+05
0.000000e+00	2.334948e+05
0.000000e+00	2.357505e+05
0.000000e+00	2.327651e+05
0.000000e+00	2.308429e+05
0.000000e+00	3.019390e+05
0.000000e+00	2.992740e+05
0.000000e+00	2.846107e+05
0.000000e+00	2.744616e+05
0.000000e+00	2.792973e+05
0.000000e+00	2.787906e+05
0.000000e+00	2.643226e+05
0.000000e+00	2.606231e+05
0.000000e+00	2.617675e+05
0.000000e+00	2.521053e+05
0.000000e+00	2.516190e+05
0.000000e+00	2.438970e+05
0.000000e+00	2.419909e+05

