ROI name    Roi_1                   Roi_2                   Roi_3                   Roi_4                   
ROI area        0.37 cm2                 0.0688 cm2                   0.18 cm2                   0.18 cm2               
user units  mean     std dev  func  mean     std dev  func  mean     std dev  func  mean     std dev  func  
0            622506  173346   no     432986  27988.7  no     461751  65036.6  no     413469  85071.9  no    
0            575668  173107   no     344270  27500.8  no     360191  64310.9  no     309229  66839.3  no    
0            452221  154591   no     208783  25421.9  no     246930  59695.9  no     206509  48350.8  no    
0            410373  149790   no     167493  26830.6  no     195620  55335.7  no     154000  37941.3  no    
0            344200  139416   no     117162  27376.4  no     133165  49918.2  no     100939  26296.4  no    
0            304041  136464   no      86461  29150.2  no     113658  47121.7  no      83843  25199.9  no    
0            265831  129073   no      52464  26408.0  no      83222  42446.3  no      58865  19146.0  no    
0            236574  126223   no      60072  25951.0  no      73268  39316.7  no      47515  19307.1  no    
0            209367  122187   no      35291  25184.0  no      56277  38009.8  no      35608  16197.4  no    
0            187201  118036   no      29604  22398.6  no      50283  33967.0  no      29677  15673.7  no    
0            167474  113339   no      28092  22542.3  no      43219  30749.1  no      23812  12203.5  no    
0            154374  110449   no      27499  20683.1  no      36952  27195.5  no      21909  11655.5  no    
Title="Plot"
Xaxis="user units"
Yaxis="no scaling"

Line="Roi_1"
0.000000e+00	6.225063e+05
0.000000e+00	5.756680e+05
0.000000e+00	4.522206e+05
0.000000e+00	4.103727e+05
0.000000e+00	3.442001e+05
0.000000e+00	3.040406e+05
0.000000e+00	2.658309e+05
0.000000e+00	2.365739e+05
0.000000e+00	2.093670e+05
0.000000e+00	1.872015e+05
0.000000e+00	1.674743e+05
0.000000e+00	1.543741e+05

Line="Roi_2"
0.000000e+00	4.329861e+05
0.000000e+00	3.442701e+05
0.000000e+00	2.087834e+05
0.000000e+00	1.674934e+05
0.000000e+00	1.171623e+05
0.000000e+00	8.646081e+04
0.000000e+00	5.246444e+04
0.000000e+00	6.007218e+04
0.000000e+00	3.529125e+04
0.000000e+00	2.960403e+04
0.000000e+00	2.809249e+04
0.000000e+00	2.749889e+04

Line="Roi_3"
0.000000e+00	4.617513e+05
0.000000e+00	3.601905e+05
0.000000e+00	2.469298e+05
0.000000e+00	1.956202e+05
0.000000e+00	1.331645e+05
0.000000e+00	1.136579e+05
0.000000e+00	8.322166e+04
0.000000e+00	7.326774e+04
0.000000e+00	5.627733e+04
0.000000e+00	5.028279e+04
0.000000e+00	4.321919e+04
0.000000e+00	3.695248e+04

Line="Roi_4"
0.000000e+00	4.134691e+05
0.000000e+00	3.092287e+05
0.000000e+00	2.065087e+05
0.000000e+00	1.540000e+05
0.000000e+00	1.009393e+05
0.000000e+00	8.384323e+04
0.000000e+00	5.886510e+04
0.000000e+00	4.751465e+04
0.000000e+00	3.560839e+04
0.000000e+00	2.967719e+04
0.000000e+00	2.381156e+04
0.000000e+00	2.190937e+04

