ROI name    Roi_1                   Roi_2                   Roi_3                   Roi_4                   
ROI area        0.30 cm2                  0.082 cm2                   0.21 cm2                   0.13 cm2               
user units  mean     std dev  func  mean     std dev  func  mean     std dev  func  mean     std dev  func  
0            252139  125258   no     167173  32825.2  no     227333   58985   no     162163  42208.2  no    
0            264986  126182   no     171607  43222.2  no     215571   65515   no     154356  43999.8  no    
0            281158  122555   no     180056  31656.0  no     208443   61277   no     168127  43655.3  no    
0            267932  127483   no     170792  26658.5  no     211049   61111   no     161019  40167.8  no    
0            289872  119962   no     190326  42212.4  no     202978   64163   no     163158  35257.3  no    
0            281132  138724   no     178036  41992.6  no     219964   75535   no     159549  32842.8  no    
0            280569  134682   no     191062  48132.7  no     209098   64500   no     149138  36114.4  no    
0            275362  144871   no     181899  39718.4  no     207548   72915   no     154455  38342.9  no    
0            299605  128236   no     194271  36814.8  no     192629   76646   no     162327  31680.0  no    
0            270751  128822   no     174509  40352.0  no     213060   89077   no     159338  37934.5  no    
0            295891  120229   no     198633  41089.0  no     178986   66159   no     147514  33632.3  no    
0            279740  121609   no     190680  40106.2  no     201511   72163   no     153353  28938.5  no    
0            262993  123121   no     165430  38088.1  no     213024   84110   no     154378  36654.4  no    
0            287897  124521   no     199221  35564.3  no     204846   78171   no     157151  38277.4  no    
0            288600  125893   no     177470  33028.8  no     195660   75315   no     147052  31798.7  no    
0            278186  136891   no     187390  34037.0  no     208843   73460   no     155443  36896.0  no    
0            290252  147331   no     166049  36854.4  no     202767   73393   no     142768  33363.9  no    
0            298181  160065   no     175863  34665.3  no     194791   79819   no     151388  37638.2  no    
0            303386  175059   no     170199  39457.3  no     204034   68775   no     156520  34314.6  no    
0            349139  178788   no     202203  41890.5  no     202474   76139   no     166104  30905.5  no    
0            378655  208505   no     186338  29118.6  no     288428   85950   no     198804  43107.3  no    
0            391514  210190   no     183340  30969.5  no     289865   88636   no     195928  44245.9  no    
0            402458  210085   no     204852  35214.4  no     270337   91530   no     187171  37037.8  no    
0            399900  196894   no     198997  41516.6  no     293088  101131   no     193497  47292.9  no    
0            411372  198985   no     209857  39114.3  no     248456   98886   no     177038  41745.0  no    
0            384727  194760   no     199655  52750.1  no     261101   86363   no     181676  32324.9  no    
0            368148  193531   no     206779  46420.7  no     266143   88013   no     183272  39778.1  no    
0            386476  181604   no     197440  50310.9  no     230913   93660   no     170123  31180.7  no    
0            353086  182620   no     195721  48028.9  no     264584   89004   no     170322  39079.9  no    
0            372480  185057   no     185900  34462.5  no     253883   88089   no     175435  36686.5  no    
0            365084  179817   no     182868  33698.8  no     234912   90095   no     166515  35345.4  no    
0            365205  188801   no     172515  42796.4  no     233249   86012   no     180123  46299.9  no    
Title="Plot"
Xaxis="user units"
Yaxis="no scaling"

Line="Roi_1"
0.000000e+00	2.521391e+05
0.000000e+00	2.649858e+05
0.000000e+00	2.811583e+05
0.000000e+00	2.679319e+05
0.000000e+00	2.898724e+05
0.000000e+00	2.811320e+05
0.000000e+00	2.805686e+05
0.000000e+00	2.753623e+05
0.000000e+00	2.996047e+05
0.000000e+00	2.707509e+05
0.000000e+00	2.958908e+05
0.000000e+00	2.797398e+05
0.000000e+00	2.629927e+05
0.000000e+00	2.878969e+05
0.000000e+00	2.885997e+05
0.000000e+00	2.781862e+05
0.000000e+00	2.902518e+05
0.000000e+00	2.981807e+05
0.000000e+00	3.033858e+05
0.000000e+00	3.491388e+05
0.000000e+00	3.786548e+05
0.000000e+00	3.915143e+05
0.000000e+00	4.024576e+05
0.000000e+00	3.999001e+05
0.000000e+00	4.113723e+05
0.000000e+00	3.847268e+05
0.000000e+00	3.681483e+05
0.000000e+00	3.864763e+05
0.000000e+00	3.530864e+05
0.000000e+00	3.724798e+05
0.000000e+00	3.650841e+05
0.000000e+00	3.652047e+05

Line="Roi_2"
0.000000e+00	1.671730e+05
0.000000e+00	1.716066e+05
0.000000e+00	1.800560e+05
0.000000e+00	1.707921e+05
0.000000e+00	1.903259e+05
0.000000e+00	1.780359e+05
0.000000e+00	1.910619e+05
0.000000e+00	1.818994e+05
0.000000e+00	1.942707e+05
0.000000e+00	1.745092e+05
0.000000e+00	1.986327e+05
0.000000e+00	1.906800e+05
0.000000e+00	1.654301e+05
0.000000e+00	1.992215e+05
0.000000e+00	1.774696e+05
0.000000e+00	1.873902e+05
0.000000e+00	1.660493e+05
0.000000e+00	1.758632e+05
0.000000e+00	1.701991e+05
0.000000e+00	2.022031e+05
0.000000e+00	1.863384e+05
0.000000e+00	1.833403e+05
0.000000e+00	2.048520e+05
0.000000e+00	1.989972e+05
0.000000e+00	2.098572e+05
0.000000e+00	1.996546e+05
0.000000e+00	2.067790e+05
0.000000e+00	1.974402e+05
0.000000e+00	1.957207e+05
0.000000e+00	1.858999e+05
0.000000e+00	1.828678e+05
0.000000e+00	1.725146e+05

Line="Roi_3"
0.000000e+00	2.273331e+05
0.000000e+00	2.155714e+05
0.000000e+00	2.084426e+05
0.000000e+00	2.110488e+05
0.000000e+00	2.029785e+05
0.000000e+00	2.199635e+05
0.000000e+00	2.090984e+05
0.000000e+00	2.075484e+05
0.000000e+00	1.926291e+05
0.000000e+00	2.130600e+05
0.000000e+00	1.789857e+05
0.000000e+00	2.015112e+05
0.000000e+00	2.130239e+05
0.000000e+00	2.048461e+05
0.000000e+00	1.956603e+05
0.000000e+00	2.088430e+05
0.000000e+00	2.027671e+05
0.000000e+00	1.947912e+05
0.000000e+00	2.040340e+05
0.000000e+00	2.024743e+05
0.000000e+00	2.884276e+05
0.000000e+00	2.898654e+05
0.000000e+00	2.703371e+05
0.000000e+00	2.930885e+05
0.000000e+00	2.484559e+05
0.000000e+00	2.611012e+05
0.000000e+00	2.661425e+05
0.000000e+00	2.309129e+05
0.000000e+00	2.645841e+05
0.000000e+00	2.538833e+05
0.000000e+00	2.349120e+05
0.000000e+00	2.332489e+05

Line="Roi_4"
0.000000e+00	1.621632e+05
0.000000e+00	1.543560e+05
0.000000e+00	1.681267e+05
0.000000e+00	1.610189e+05
0.000000e+00	1.631579e+05
0.000000e+00	1.595490e+05
0.000000e+00	1.491381e+05
0.000000e+00	1.544554e+05
0.000000e+00	1.623266e+05
0.000000e+00	1.593375e+05
0.000000e+00	1.475137e+05
0.000000e+00	1.533533e+05
0.000000e+00	1.543777e+05
0.000000e+00	1.571506e+05
0.000000e+00	1.470519e+05
0.000000e+00	1.554435e+05
0.000000e+00	1.427685e+05
0.000000e+00	1.513881e+05
0.000000e+00	1.565203e+05
0.000000e+00	1.661043e+05
0.000000e+00	1.988041e+05
0.000000e+00	1.959281e+05
0.000000e+00	1.871707e+05
0.000000e+00	1.934970e+05
0.000000e+00	1.770377e+05
0.000000e+00	1.816762e+05
0.000000e+00	1.832721e+05
0.000000e+00	1.701234e+05
0.000000e+00	1.703216e+05
0.000000e+00	1.754348e+05
0.000000e+00	1.665154e+05
0.000000e+00	1.801233e+05

