ROI name    Roi_1                   Roi_2                   Roi_3                   Roi_4                   
ROI area        0.21 cm2                 0.0586 cm2                   0.21 cm2                 0.0586 cm2               
user units  mean     std dev  func  mean     std dev  func  mean     std dev  func  mean     std dev  func  
0            205342   95803   no     153457  64990.2  no     217773   85048   no     187638  29773.5  no    
0            224807   94065   no     159458  68929.7  no     199392   81831   no     177846  35880.7  no    
0            215039   95683   no     174279  54877.9  no     191295   87755   no     181808  30004.5  no    
0            206495   94566   no     163912  61661.9  no     199638   88843   no     176802  29660.0  no    
0            219161   95846   no     158672  57936.6  no     199461   87356   no     174261  39987.3  no    
0            215995  102103   no     163600  61435.3  no     207004   87805   no     175802  29338.3  no    
0            221967  113691   no     156898  71115.7  no     215343   95082   no     166309  33873.7  no    
0            249986  113347   no     164169  65702.6  no     208370  104116   no     177919  32679.5  no    
0            259596  124883   no     163472  60046.2  no     219731  107044   no     191841  36216.3  no    
0            263566  124128   no     150559  66823.6  no     222950  113924   no     166501  36157.1  no    
0            271847  131394   no     147741  57771.2  no     229698  116679   no     187386  32486.0  no    
0            266703  135986   no     168928  65015.8  no     228250  113964   no     172654  31236.5  no    
0            265070  136797   no     129252  59617.1  no     239829  122223   no     180221  30407.3  no    
0            278270  135027   no     137957  54139.2  no     237607  122097   no     192651  31659.1  no    
0            264734  132721   no     143313  57191.8  no     223417  115825   no     185832  28767.7  no    
0            268038  133021   no     139776  47293.7  no     231803  113739   no     180639  22652.8  no    
0            277126  133014   no     152747  51641.8  no     216382  116516   no     182908  39544.7  no    
0            269619  133759   no     143340  55076.7  no     227944  106630   no     189217  54106.7  no    
0            267413  132746   no     156395  61496.0  no     225018  110974   no     191683  42707.2  no    
0            281790  146932   no     148121  66661.6  no     207379  106927   no     185464  47697.0  no    
0            268108  143802   no     129352  58759.6  no     230393   98711   no     180587  53562.4  no    
0            275905  145175   no     157063  61489.7  no     213389  100490   no     186918  40700.7  no    
0            284568  145543   no     150794  52084.9  no     196657   87898   no     195851  56588.7  no    
0            300309  149412   no     160046  64217.7  no     192624   96737   no     186097  46205.9  no    
0            263192  144088   no     144105  65086.5  no     210588   90874   no     160807  31427.4  no    
0            262963  146998   no     155755  61263.3  no     211675   98895   no     188009  39969.3  no    
0            257730  141552   no     143654  60320.5  no     207577   96675   no     182199  34327.1  no    
0            274882  137188   no     148925  63053.3  no     207806   90830   no     183908  29603.7  no    
0            285446  145002   no     137214  65117.1  no     201576   93168   no     184885  48021.2  no    
0            284131  147858   no     146054  66203.1  no     226960  108601   no     191257  40756.2  no    
0            284620  147218   no     138712  50810.9  no     224842  110221   no     182967  37845.2  no    
0            296051  153373   no     141708  62318.6  no     224358  116053   no     198451  44393.1  no    
Title="Plot"
Xaxis="user units"
Yaxis="no scaling"

Line="Roi_1"
0.000000e+00	2.053422e+05
0.000000e+00	2.248066e+05
0.000000e+00	2.150391e+05
0.000000e+00	2.064947e+05
0.000000e+00	2.191615e+05
0.000000e+00	2.159950e+05
0.000000e+00	2.219667e+05
0.000000e+00	2.499856e+05
0.000000e+00	2.595963e+05
0.000000e+00	2.635664e+05
0.000000e+00	2.718467e+05
0.000000e+00	2.667033e+05
0.000000e+00	2.650696e+05
0.000000e+00	2.782701e+05
0.000000e+00	2.647341e+05
0.000000e+00	2.680380e+05
0.000000e+00	2.771264e+05
0.000000e+00	2.696189e+05
0.000000e+00	2.674131e+05
0.000000e+00	2.817902e+05
0.000000e+00	2.681078e+05
0.000000e+00	2.759049e+05
0.000000e+00	2.845675e+05
0.000000e+00	3.003093e+05
0.000000e+00	2.631919e+05
0.000000e+00	2.629632e+05
0.000000e+00	2.577303e+05
0.000000e+00	2.748823e+05
0.000000e+00	2.854458e+05
0.000000e+00	2.841309e+05
0.000000e+00	2.846203e+05
0.000000e+00	2.960510e+05

Line="Roi_2"
0.000000e+00	1.534566e+05
0.000000e+00	1.594578e+05
0.000000e+00	1.742785e+05
0.000000e+00	1.639122e+05
0.000000e+00	1.586723e+05
0.000000e+00	1.636000e+05
0.000000e+00	1.568982e+05
0.000000e+00	1.641691e+05
0.000000e+00	1.634717e+05
0.000000e+00	1.505592e+05
0.000000e+00	1.477412e+05
0.000000e+00	1.689284e+05
0.000000e+00	1.292515e+05
0.000000e+00	1.379575e+05
0.000000e+00	1.433134e+05
0.000000e+00	1.397756e+05
0.000000e+00	1.527469e+05
0.000000e+00	1.433401e+05
0.000000e+00	1.563954e+05
0.000000e+00	1.481215e+05
0.000000e+00	1.293524e+05
0.000000e+00	1.570632e+05
0.000000e+00	1.507942e+05
0.000000e+00	1.600464e+05
0.000000e+00	1.441049e+05
0.000000e+00	1.557555e+05
0.000000e+00	1.436539e+05
0.000000e+00	1.489247e+05
0.000000e+00	1.372137e+05
0.000000e+00	1.460540e+05
0.000000e+00	1.387118e+05
0.000000e+00	1.417079e+05

Line="Roi_3"
0.000000e+00	2.177728e+05
0.000000e+00	1.993917e+05
0.000000e+00	1.912951e+05
0.000000e+00	1.996378e+05
0.000000e+00	1.994608e+05
0.000000e+00	2.070041e+05
0.000000e+00	2.153431e+05
0.000000e+00	2.083699e+05
0.000000e+00	2.197309e+05
0.000000e+00	2.229503e+05
0.000000e+00	2.296976e+05
0.000000e+00	2.282503e+05
0.000000e+00	2.398290e+05
0.000000e+00	2.376065e+05
0.000000e+00	2.234168e+05
0.000000e+00	2.318030e+05
0.000000e+00	2.163816e+05
0.000000e+00	2.279440e+05
0.000000e+00	2.250180e+05
0.000000e+00	2.073791e+05
0.000000e+00	2.303932e+05
0.000000e+00	2.133888e+05
0.000000e+00	1.966567e+05
0.000000e+00	1.926238e+05
0.000000e+00	2.105883e+05
0.000000e+00	2.116746e+05
0.000000e+00	2.075773e+05
0.000000e+00	2.078057e+05
0.000000e+00	2.015762e+05
0.000000e+00	2.269603e+05
0.000000e+00	2.248424e+05
0.000000e+00	2.243576e+05

Line="Roi_4"
0.000000e+00	1.876380e+05
0.000000e+00	1.778463e+05
0.000000e+00	1.818079e+05
0.000000e+00	1.768022e+05
0.000000e+00	1.742611e+05
0.000000e+00	1.758023e+05
0.000000e+00	1.663094e+05
0.000000e+00	1.779193e+05
0.000000e+00	1.918414e+05
0.000000e+00	1.665012e+05
0.000000e+00	1.873864e+05
0.000000e+00	1.726537e+05
0.000000e+00	1.802214e+05
0.000000e+00	1.926512e+05
0.000000e+00	1.858322e+05
0.000000e+00	1.806390e+05
0.000000e+00	1.829084e+05
0.000000e+00	1.892174e+05
0.000000e+00	1.916826e+05
0.000000e+00	1.854644e+05
0.000000e+00	1.805874e+05
0.000000e+00	1.869180e+05
0.000000e+00	1.958513e+05
0.000000e+00	1.860975e+05
0.000000e+00	1.608075e+05
0.000000e+00	1.880089e+05
0.000000e+00	1.821989e+05
0.000000e+00	1.839076e+05
0.000000e+00	1.848847e+05
0.000000e+00	1.912573e+05
0.000000e+00	1.829667e+05
0.000000e+00	1.984508e+05

